VID_20181016_135017110.png 0,362,271,635,20
VID_20181016_135017110.png 420,471,884,933,21
VID_20181016_135017107.png 0,362,271,635,20
VID_20181016_135017107.png 410,456,874,918,21
VID_20181016_135017104.png 0,362,271,635,20
VID_20181016_135017104.png 410,456,874,918,21
VID_20181016_135017101.png 0,362,250,635,20
VID_20181016_135017101.png 419,468,882,930,21
VID_20181016_135017098.png 0,390,250,663,20
VID_20181016_135017098.png 419,468,882,930,21
VID_20181016_135017095.png 0,405,250,678,20
VID_20181016_135017095.png 414,486,877,948,21
VID_20181016_135017092.png 0,429,223,678,20
VID_20181016_135017092.png 388,494,884,956,21
VID_20181016_135017089.png 0,447,172,696,20
VID_20181016_135017089.png 388,494,958,956,21
VID_20181016_135017086.png 0,447,172,696,20
VID_20181016_135017086.png 388,494,958,956,21
VID_20181016_135017083.png 0,447,172,696,20
VID_20181016_135017083.png 388,494,958,927,21
VID_20181016_135017080.png 0,447,230,696,20
VID_20181016_135017080.png 398,486,968,919,21
VID_20181016_135017077.png 0,447,230,696,20
VID_20181016_135017077.png 417,489,987,922,21
VID_20181016_135017074.png 0,481,230,730,20
VID_20181016_135017074.png 443,489,1014,922,21
VID_20181016_135017071.png 0,481,230,776,20
VID_20181016_135017071.png 443,489,1014,922,21
VID_20181016_135017068.png 0,481,230,776,20
VID_20181016_135017068.png 443,492,1014,903,21
VID_20181016_135017065.png 0,481,282,823,20
VID_20181016_135017065.png 470,498,1041,909,21
VID_20181016_135017062.png 0,481,282,823,20
VID_20181016_135017062.png 491,492,1062,903,21
VID_20181016_135017059.png 0,481,282,823,20
VID_20181016_135017059.png 494,486,1065,870,21
VID_20181016_135017056.png 0,481,314,884,20
VID_20181016_135017056.png 500,480,1071,864,21
VID_20181016_135017053.png 0,481,314,884,20
VID_20181016_135017053.png 515,474,1086,858,21
VID_20181016_135017050.png 0,481,314,884,20
VID_20181016_135017050.png 530,471,1101,835,21
VID_20181016_135017047.png 0,481,360,884,20
VID_20181016_135017047.png 539,462,1110,826,21
VID_20181016_135017044.png 0,481,394,884,20
VID_20181016_135017044.png 554,462,1125,826,21
VID_20181016_135017041.png 0,481,394,884,20
VID_20181016_135017041.png 554,462,1125,804,21
VID_20181016_135017038.png 0,481,394,884,20
VID_20181016_135017038.png 560,462,1131,804,21
VID_20181016_135017035.png 0,491,414,958,20
VID_20181016_135017035.png 566,462,1137,804,21
VID_20181016_135017032.png 0,491,437,958,20
VID_20181016_135017032.png 596,462,1167,804,21
VID_20181016_135017029.png 0,491,458,958,20
VID_20181016_135017029.png 614,462,1185,804,21
VID_20181016_135017026.png 0,491,501,958,20
VID_20181016_135017026.png 650,459,1221,801,21
VID_20181016_135017023.png 0,491,544,958,20
VID_20181016_135017023.png 680,459,1251,801,21
VID_20181016_135017020.png 13,484,557,951,20
VID_20181016_135017020.png 713,456,1284,798,21
VID_20181016_135017017.png 34,487,578,954,20
VID_20181016_135017017.png 752,456,1323,798,21
VID_20181016_135017014.png 68,487,612,954,20
VID_20181016_135017014.png 773,456,1344,798,21
VID_20181016_135017011.png 104,489,648,956,20
VID_20181016_135017011.png 800,456,1371,798,21
VID_20181016_135017008.png 141,485,686,952,20
VID_20181016_135017008.png 836,456,1407,798,21
VID_20181016_135017005.png 184,502,728,970,20
VID_20181016_135017005.png 857,456,1428,798,21
VID_20181016_135017002.png 184,502,728,970,20
VID_20181016_135017002.png 857,456,1428,798,21
VID_20181016_134957307.png 496,365,1158,832,21
VID_20181016_134957304.png 466,385,1172,852,21
VID_20181016_134957301.png 476,418,1182,885,21
VID_20181016_134957298.png 470,448,1175,915,21
VID_20181016_134957295.png 519,508,1225,975,21
VID_20181016_134957292.png 519,561,1225,975,21
VID_20181016_134957289.png 495,591,1255,1005,21
VID_20181016_134957286.png 484,602,1284,1016,21
VID_20181016_134957283.png 462,595,1262,1009,21
VID_20181016_134957280.png 432,573,1232,987,21
VID_20181016_134957277.png 418,559,1218,973,21
VID_20181016_134957274.png 400,550,1201,965,21
VID_20181016_134957271.png 388,545,1188,959,21
VID_20181016_134957268.png 388,545,1188,959,21
VID_20181016_134957265.png 388,545,1188,959,21
VID_20181016_134957262.png 405,547,1206,961,21
VID_20181016_134957259.png 428,552,1228,966,21
VID_20181016_134957256.png 428,552,1228,966,21
VID_20181016_134957253.png 433,561,1233,975,21
VID_20181016_134957250.png 433,561,1182,975,21
VID_20181016_134957247.png 374,561,1122,975,21
VID_20181016_134957244.png 332,532,1053,992,21
VID_20181016_134957241.png 292,492,1013,953,21
VID_20181016_134957238.png 258,471,952,932,21
VID_20181016_134957235.png 226,425,920,917,21
VID_20181016_134957232.png 246,432,910,936,21
VID_20181016_134957229.png 222,420,886,924,21
VID_20181016_134957226.png 212,409,876,913,21
VID_20181016_134957223.png 212,409,876,913,21
VID_20181016_134957220.png 212,409,876,913,21
VID_20181016_134957217.png 205,415,869,919,21
VID_20181016_134957214.png 194,423,858,927,21
VID_20181016_134957211.png 174,425,838,929,21
VID_20181016_134957208.png 174,442,838,929,21
VID_20181016_134957205.png 174,470,838,929,21
VID_20181016_134957202.png 182,473,846,933,21
VID_20181016_134957199.png 229,471,893,930,21
VID_20181016_134957196.png 249,478,951,930,21
VID_20181016_134957193.png 249,478,951,905,21
VID_20181016_134957190.png 284,487,986,891,21
VID_20181016_134957187.png 284,487,1016,891,21
VID_20181016_134957184.png 312,481,1044,885,21
VID_20181016_134957181.png 304,467,1037,871,21
VID_20181016_134957178.png 302,456,1034,860,21
VID_20181016_134957175.png 326,457,1058,861,21
VID_20181016_134957172.png 246,0,625,111,20
VID_20181016_134957172.png 350,481,1082,885,21
VID_20181016_134957169.png 236,3,607,141,20
VID_20181016_134957169.png 365,511,1071,885,21
VID_20181016_134957166.png 236,3,607,141,20
VID_20181016_134957166.png 394,539,1100,913,21
VID_20181016_134957163.png 254,0,626,182,20
VID_20181016_134957163.png 419,564,1122,924,21
VID_20181016_134957160.png 241,10,614,192,20
VID_20181016_134957160.png 436,574,1139,934,21
VID_20181016_134957157.png 202,27,600,237,20
VID_20181016_134957157.png 460,600,1131,959,21
VID_20181016_134957154.png 187,37,585,247,20
VID_20181016_134957154.png 437,621,1108,981,21
VID_20181016_134957151.png 162,77,559,288,20
VID_20181016_134957151.png 432,651,1103,1011,21
VID_20181016_134957148.png 141,101,539,312,20
VID_20181016_134957148.png 432,684,1095,1011,21
VID_20181016_134957145.png 133,114,530,324,20
VID_20181016_134957145.png 432,707,1095,1011,21
VID_20181016_134957142.png 133,133,530,343,20
VID_20181016_134957142.png 456,726,1119,1030,21
VID_20181016_134957139.png 143,149,540,360,20
VID_20181016_134957139.png 502,741,1165,1045,21
VID_20181016_134957136.png 151,169,549,380,20
VID_20181016_134957136.png 521,759,1206,1063,21
VID_20181016_134957133.png 179,175,577,386,20
VID_20181016_134957133.png 564,770,1249,1074,21
VID_20181016_134957130.png 208,178,606,389,20
VID_20181016_134957130.png 610,778,1294,1082,21
VID_20181016_134957127.png 208,178,606,389,20
VID_20181016_134957127.png 645,781,1329,1086,21
VID_20181016_134957124.png 218,210,616,420,20
VID_20181016_134957124.png 684,805,1369,1110,21
VID_20181016_134957121.png 218,210,616,420,20
VID_20181016_134957121.png 728,828,1413,1132,21
VID_20181016_134957118.png 230,223,627,434,20
VID_20181016_134957118.png 745,842,1425,1151,21
VID_20181016_134957115.png 246,223,644,434,20
VID_20181016_134957115.png 794,842,1441,1158,21
VID_20181016_134957112.png 254,232,651,443,20
VID_20181016_134957112.png 809,867,1441,1156,21
VID_20181016_134957109.png 260,245,658,456,20
VID_20181016_134957109.png 829,865,1441,1225,21
VID_20181016_134957106.png 263,255,660,466,20
VID_20181016_134957106.png 840,880,1441,1191,21
VID_20181016_134957103.png 265,266,663,477,20
VID_20181016_134957103.png 889,915,1441,1269,21
VID_20181016_134957100.png 256,290,689,543,20
VID_20181016_134957100.png 909,952,1441,1226,21
VID_20181016_134957097.png 256,290,689,543,20
VID_20181016_134957097.png 930,1002,1441,1342,21
VID_20181016_134957094.png 276,323,710,576,20
VID_20181016_134957094.png 1026,1077,1441,1379,21
VID_20181016_134957091.png 294,356,727,609,20
VID_20181016_134957091.png 1108,1122,1441,1410,21
VID_20181016_134957088.png 327,399,760,651,20
VID_20181016_134957088.png 1097,1183,1441,1441,21
VID_20181016_134957085.png 355,433,788,686,20
VID_20181016_134957085.png 1213,1220,1441,1441,21
VID_20181016_134957082.png 367,471,800,723,20
VID_20181016_134957082.png 1268,1275,1441,1441,21
VID_20181016_134957079.png 394,504,827,756,20
VID_20181016_134957076.png 408,496,900,805,20
VID_20181016_134957073.png 448,518,941,827,20
VID_20181016_134957070.png 443,543,936,852,20
VID_20181016_134957067.png 446,571,938,880,20
VID_20181016_134957064.png 453,598,946,908,20
VID_20181016_134957061.png 410,612,903,922,20
VID_20181016_134957058.png 361,600,912,943,20
VID_20181016_134957055.png 361,540,912,943,20
VID_20181016_134957052.png 388,524,938,927,20
VID_20181016_134957049.png 388,524,938,927,20
VID_20181016_134957046.png 388,524,938,927,20
VID_20181016_134957043.png 366,506,917,909,20
VID_20181016_134957040.png 384,491,934,944,20
VID_20181016_134957037.png 409,500,959,953,20
VID_20181016_134957034.png 409,500,959,953,20
VID_20181016_134957031.png 431,500,981,953,20
VID_20181016_134957028.png 443,500,994,953,20
VID_20181016_134957025.png 467,495,1018,948,20
VID_20181016_134957022.png 508,477,1058,930,20
VID_20181016_134957019.png 543,460,1093,893,20
VID_20181016_134957016.png 591,424,1141,857,20
VID_20181016_134957013.png 630,393,1180,826,20
VID_20181016_134957010.png 673,360,1223,793,20
VID_20181016_134957007.png 734,331,1284,764,20
VID_20181016_134957004.png 788,306,1338,739,20
VID_20181016_134957001.png 833,297,1384,730,20
VID_20181016_134939212.png 409,651,1021,923,21
VID_20181016_134939209.png 409,631,1021,903,21
VID_20181016_134939206.png 409,619,1021,891,21
VID_20181016_134939203.png 409,619,1021,891,21
VID_20181016_134939200.png 409,619,1021,891,21
VID_20181016_134939197.png 400,577,1025,941,21
VID_20181016_134939194.png 378,577,1003,941,21
VID_20181016_134939191.png 334,577,959,941,21
VID_20181016_134939188.png 326,569,951,933,21
VID_20181016_134939185.png 326,569,951,933,21
VID_20181016_134939182.png 313,553,938,917,21
VID_20181016_134939179.png 346,520,953,919,21
VID_20181016_134939176.png 332,486,939,886,21
VID_20181016_134939173.png 326,460,933,860,21
VID_20181016_134939170.png 333,454,940,853,21
VID_20181016_134939167.png 323,431,930,830,21
VID_20181016_134939164.png 284,415,891,814,21
VID_20181016_134939161.png 284,415,891,793,21
VID_20181016_134939158.png 282,403,889,781,21
VID_20181016_134939155.png 291,378,898,757,21
VID_20181016_134939152.png 323,360,930,738,21
VID_20181016_134939149.png 358,350,965,728,21
VID_20181016_134939146.png 397,335,1004,714,21
VID_20181016_134939143.png 457,317,1064,695,21
VID_20181016_134939140.png 495,308,1102,687,21
VID_20181016_134939137.png 524,317,1131,695,21
VID_20181016_134939134.png 549,368,1131,695,21
VID_20181016_134939131.png 549,368,1131,695,21
VID_20181016_134939128.png 549,403,1131,695,21
VID_20181016_134939125.png 578,434,1146,726,21
VID_20181016_134939122.png 563,485,1131,778,21
VID_20181016_134939119.png 562,544,1130,836,21
VID_20181016_134939116.png 592,607,1126,884,21
VID_20181016_134939113.png 615,655,1149,932,21
VID_20181016_134939110.png 650,714,1166,991,21
VID_20181016_134939107.png 677,764,1191,1046,21
VID_20181016_134939104.png 722,838,1212,1105,21
VID_20181016_134939101.png 149,3,644,236,20
VID_20181016_134939101.png 771,907,1220,1167,21
VID_20181016_134939098.png 196,67,658,348,20
VID_20181016_134939098.png 793,979,1242,1239,21
VID_20181016_134939095.png 239,168,678,449,20
VID_20181016_134939095.png 799,1057,1248,1317,21
VID_20181016_134939092.png 263,251,702,533,20
VID_20181016_134939092.png 799,1117,1248,1377,21
VID_20181016_134939089.png 278,327,717,609,20
VID_20181016_134939089.png 809,1157,1258,1417,21
VID_20181016_134939086.png 308,385,747,667,20
VID_20181016_134939086.png 825,1200,1271,1440,21
VID_20181016_134939083.png 316,428,755,710,20
VID_20181016_134939083.png 851,1252,1307,1440,21
VID_20181016_134939080.png 316,428,755,761,20
VID_20181016_134939080.png 864,1262,1301,1440,21
VID_20181016_134939077.png 312,457,751,790,20
VID_20181016_134939077.png 855,1271,1299,1440,21
VID_20181016_134939074.png 312,473,751,807,20
VID_20181016_134939074.png 875,1277,1329,1440,21
VID_20181016_134939071.png 312,473,751,807,20
VID_20181016_134939071.png 887,1268,1356,1440,21
VID_20181016_134939068.png 324,477,764,811,20
VID_20181016_134939068.png 877,1246,1347,1440,21
VID_20181016_134939065.png 324,477,755,811,20
VID_20181016_134939065.png 897,1255,1333,1440,21
VID_20181016_134939062.png 324,477,755,811,20
VID_20181016_134939062.png 920,1236,1330,1440,21
VID_20181016_134939059.png 324,477,755,811,20
VID_20181016_134939059.png 916,1218,1326,1422,21
VID_20181016_134939056.png 313,481,744,814,20
VID_20181016_134939056.png 923,1205,1315,1410,21
VID_20181016_134939053.png 313,481,744,814,20
VID_20181016_134939053.png 923,1183,1315,1388,21
VID_20181016_134939050.png 313,481,744,814,20
VID_20181016_134939050.png 909,1172,1301,1376,21
VID_20181016_134939047.png 313,481,744,814,20
VID_20181016_134939047.png 922,1155,1292,1359,21
VID_20181016_134939044.png 336,475,745,833,20
VID_20181016_134939044.png 934,1151,1304,1355,21
VID_20181016_134939041.png 338,484,745,842,20
VID_20181016_134939041.png 932,1138,1302,1343,21
VID_20181016_134939038.png 359,492,765,851,20
VID_20181016_134939038.png 935,1122,1305,1326,21
VID_20181016_134939035.png 371,497,778,856,20
VID_20181016_134939035.png 955,1108,1325,1312,21
VID_20181016_134939032.png 384,526,766,876,20
VID_20181016_134939032.png 951,1100,1321,1304,21
VID_20181016_134939029.png 394,530,776,880,20
VID_20181016_134939029.png 951,1088,1321,1292,21
VID_20181016_134939026.png 403,534,785,884,20
VID_20181016_134939026.png 948,1075,1318,1280,21
VID_20181016_134939023.png 412,534,794,884,20
VID_20181016_134939023.png 943,1067,1313,1271,21
VID_20181016_134939020.png 412,526,794,876,20
VID_20181016_134939020.png 961,1050,1293,1263,21
VID_20181016_134939017.png 434,524,794,865,20
VID_20181016_134939017.png 971,1042,1286,1235,21
VID_20181016_134939014.png 433,515,778,836,20
VID_20181016_134939014.png 951,1019,1266,1212,21
VID_20181016_134939011.png 424,495,769,816,20
VID_20181016_134939011.png 939,994,1255,1187,21
VID_20181016_134939008.png 414,472,759,793,20
VID_20181016_134939008.png 917,962,1233,1155,21
VID_20181016_134939005.png 389,458,734,766,20
VID_20181016_134939005.png 888,940,1203,1133,21
VID_20181016_134939002.png 369,438,713,746,20
VID_20181016_134939002.png 867,915,1182,1108,21
VID_20181016_13492491.png 1179,492,1441,905,20
VID_20181016_13492491.png 519,461,769,925,21
VID_20181016_13492488.png 1149,508,1441,919,20
VID_20181016_13492488.png 509,463,759,927,21
VID_20181016_13492485.png 1144,516,1441,939,20
VID_20181016_13492485.png 501,463,751,927,21
VID_20181016_13492482.png 1143,526,1441,941,20
VID_20181016_13492482.png 479,462,728,926,21
VID_20181016_13492479.png 1135,521,1441,936,20
VID_20181016_13492479.png 464,459,714,922,21
VID_20181016_13492476.png 1108,516,1441,915,20
VID_20181016_13492476.png 448,452,697,915,21
VID_20181016_13492473.png 1098,514,1430,913,20
VID_20181016_13492473.png 429,449,678,912,21
VID_20181016_13492470.png 1076,508,1408,906,20
VID_20181016_13492470.png 394,451,644,914,21
VID_20181016_13492467.png 1059,510,1391,909,20
VID_20181016_13492467.png 375,447,625,910,21
VID_20181016_13492464.png 1059,510,1367,909,20
VID_20181016_13492464.png 358,437,608,900,21
VID_20181016_13492461.png 1040,510,1334,922,20
VID_20181016_13492461.png 342,431,588,893,21
VID_20181016_13492458.png 1026,506,1321,918,20
VID_20181016_13492458.png 292,433,588,902,21
VID_20181016_13492455.png 1011,501,1305,913,20
VID_20181016_13492455.png 266,433,562,902,21
VID_20181016_13492452.png 994,501,1288,913,20
VID_20181016_13492452.png 254,425,550,894,21
VID_20181016_13492449.png 975,496,1251,908,20
VID_20181016_13492449.png 224,415,520,884,21
VID_20181016_13492446.png 949,491,1226,903,20
VID_20181016_13492446.png 194,415,490,884,21
VID_20181016_13492443.png 924,486,1201,898,20
VID_20181016_13492443.png 194,415,490,884,21
VID_20181016_13492440.png 901,489,1178,900,20
VID_20181016_13492440.png 153,415,449,884,21
VID_20181016_13492437.png 881,484,1139,895,20
VID_20181016_13492437.png 122,416,418,885,21
VID_20181016_13492434.png 860,484,1117,895,20
VID_20181016_13492434.png 107,415,403,884,21
VID_20181016_13492431.png 833,480,1078,881,20
VID_20181016_13492431.png 76,403,372,872,21
VID_20181016_13492428.png 809,480,1054,881,20
VID_20181016_13492428.png 52,408,348,877,21
VID_20181016_13492425.png 781,478,1015,880,20
VID_20181016_13492425.png 25,400,321,870,21
VID_20181016_13492422.png 760,470,994,871,20
VID_20181016_13492422.png 0,398,296,867,21
VID_20181016_13492419.png 732,467,966,869,20
VID_20181016_13492419.png 4,412,254,866,21
VID_20181016_13492416.png 703,467,937,869,20
VID_20181016_13492416.png 0,408,250,862,21
VID_20181016_13492413.png 678,461,912,862,20
VID_20181016_13492413.png 0,396,211,853,21
VID_20181016_13492410.png 646,460,880,861,20
VID_20181016_13492410.png 0,395,160,850,21
VID_20181016_13492407.png 621,458,855,860,20
VID_20181016_13492407.png 0,395,160,850,21
VID_20181016_13492404.png 600,460,833,861,20
VID_20181016_13492404.png 0,395,160,850,21
VID_20181016_13492401.png 578,461,812,862,20
VID_20181016_13492401.png 0,393,128,843,21
VID_20181016_134904207.png 357,466,818,774,20
VID_20181016_134904207.png 0,229,320,440,21
VID_20181016_134904204.png 355,444,816,752,20
VID_20181016_134904204.png 0,229,320,440,21
VID_20181016_134904201.png 355,444,816,752,20
VID_20181016_134904201.png 0,229,320,440,21
VID_20181016_134904198.png 355,444,816,752,20
VID_20181016_134904198.png 0,229,320,440,21
VID_20181016_134904195.png 355,418,816,752,20
VID_20181016_134904195.png 0,209,320,419,21
VID_20181016_134904192.png 364,377,824,712,20
VID_20181016_134904192.png 0,185,320,396,21
VID_20181016_134904189.png 377,343,838,678,20
VID_20181016_134904189.png 0,159,320,370,21
VID_20181016_134904186.png 386,310,847,645,20
VID_20181016_134904186.png 0,116,320,327,21
VID_20181016_134904183.png 398,295,859,630,20
VID_20181016_134904183.png 0,116,320,327,21
VID_20181016_134904180.png 413,280,874,615,20
VID_20181016_134904180.png 0,116,320,327,21
VID_20181016_134904177.png 413,280,874,615,20
VID_20181016_134904177.png 0,116,320,327,21
VID_20181016_134904174.png 413,280,874,615,20
VID_20181016_134904174.png 0,116,320,327,21
VID_20181016_134904171.png 428,283,877,617,20
VID_20181016_134904171.png 0,116,320,327,21
VID_20181016_134904168.png 441,285,890,620,20
VID_20181016_134904168.png 0,116,320,327,21
VID_20181016_134904165.png 448,289,898,624,20
VID_20181016_134904165.png 0,124,346,334,21
VID_20181016_134904162.png 467,290,917,625,20
VID_20181016_134904162.png 0,124,346,362,21
VID_20181016_134904159.png 475,292,924,626,20
VID_20181016_134904159.png 0,124,346,362,21
VID_20181016_134904156.png 497,314,927,649,20
VID_20181016_134904156.png 0,124,346,362,21
VID_20181016_134904153.png 513,326,942,660,20
VID_20181016_134904153.png 0,151,346,390,21
VID_20181016_134904150.png 529,333,958,668,20
VID_20181016_134904150.png 0,169,346,408,21
VID_20181016_134904147.png 543,338,972,673,20
VID_20181016_134904147.png 0,164,378,434,21
VID_20181016_134904144.png 557,356,986,691,20
VID_20181016_134904144.png 0,185,378,455,21
VID_20181016_134904141.png 572,375,1001,710,20
VID_20181016_134904141.png 0,185,378,455,21
VID_20181016_134904138.png 572,375,1001,710,20
VID_20181016_134904138.png 0,189,359,440,21
VID_20181016_134904135.png 569,386,973,721,20
VID_20181016_134904135.png 0,203,346,431,21
VID_20181016_134904132.png 576,401,980,736,20
VID_20181016_134904132.png 0,219,347,469,21
VID_20181016_134904129.png 588,417,992,751,20
VID_20181016_134904129.png 0,234,386,510,21
VID_20181016_134904126.png 609,414,1013,749,20
VID_20181016_134904126.png 0,238,386,513,21
VID_20181016_134904123.png 614,408,1018,742,20
VID_20181016_134904123.png 0,238,386,513,21
VID_20181016_134904120.png 656,418,1034,736,20
VID_20181016_134904120.png 0,244,386,519,21
VID_20181016_134904117.png 684,431,1062,749,20
VID_20181016_134904117.png 7,260,417,550,21
VID_20181016_134904114.png 706,456,1072,774,20
VID_20181016_134904114.png 27,279,437,569,21
VID_20181016_134904111.png 751,466,1107,784,20
VID_20181016_134904111.png 58,301,468,591,21
VID_20181016_134904108.png 784,475,1140,793,20
VID_20181016_134904108.png 109,320,492,620,21
VID_20181016_134904105.png 837,487,1169,800,20
VID_20181016_134904105.png 151,335,534,636,21
VID_20181016_134904102.png 879,495,1211,808,20
VID_20181016_134904102.png 188,348,570,649,21
VID_20181016_134904099.png 904,505,1236,818,20
VID_20181016_134904099.png 220,362,602,663,21
VID_20181016_134904096.png 930,513,1262,826,20
VID_20181016_134904096.png 267,387,627,676,21
VID_20181016_134904093.png 970,523,1279,836,20
VID_20181016_134904093.png 286,385,646,700,21
VID_20181016_134904090.png 981,530,1290,843,20
VID_20181016_134904090.png 311,410,662,725,21
VID_20181016_134904087.png 999,539,1295,852,20
VID_20181016_134904087.png 328,419,679,734,21
VID_20181016_134904084.png 1019,544,1316,857,20
VID_20181016_134904084.png 348,430,699,763,21
VID_20181016_134904081.png 1044,542,1341,855,20
VID_20181016_134904081.png 376,450,727,783,21
VID_20181016_134904078.png 1071,554,1343,862,20
VID_20181016_134904078.png 389,450,727,783,21
VID_20181016_134904075.png 1068,553,1341,861,20
VID_20181016_134904075.png 391,458,729,791,21
VID_20181016_134904072.png 1059,549,1332,857,20
VID_20181016_134904072.png 383,458,721,791,21
VID_20181016_134904069.png 1062,542,1316,850,20
VID_20181016_134904069.png 373,460,711,793,21
VID_20181016_134904066.png 1057,535,1310,843,20
VID_20181016_134904066.png 381,460,719,793,21
VID_20181016_134904063.png 1069,528,1308,828,20
VID_20181016_134904063.png 381,460,719,793,21
VID_20181016_134904060.png 1073,518,1312,818,20
VID_20181016_134904060.png 381,460,719,793,21
VID_20181016_134904057.png 1084,502,1306,803,20
VID_20181016_134904057.png 381,460,719,793,21
VID_20181016_134904054.png 1051,496,1273,797,20
VID_20181016_134904054.png 343,460,681,824,21
VID_20181016_134904051.png 1021,493,1243,794,20
VID_20181016_134904051.png 313,466,651,830,21
VID_20181016_134904048.png 988,493,1210,794,20
VID_20181016_134904048.png 277,476,615,840,21
VID_20181016_134904045.png 976,487,1198,788,20
VID_20181016_134904045.png 269,482,607,846,21
VID_20181016_134904042.png 976,487,1198,788,20
VID_20181016_134904042.png 269,492,607,856,21
VID_20181016_134904039.png 976,481,1198,782,20
VID_20181016_134904039.png 269,496,607,860,21
VID_20181016_134904036.png 994,475,1216,776,20
VID_20181016_134904036.png 318,504,611,891,21
VID_20181016_134904033.png 1018,469,1240,770,20
VID_20181016_134904033.png 344,504,637,891,21
VID_20181016_134904030.png 1024,457,1246,758,20
VID_20181016_134904030.png 358,510,651,897,21
VID_20181016_134904027.png 1021,454,1243,755,20
VID_20181016_134904027.png 360,510,653,897,21
VID_20181016_134904024.png 1021,445,1243,746,20
VID_20181016_134904024.png 376,510,669,897,21
VID_20181016_134904021.png 1024,433,1246,734,20
VID_20181016_134904021.png 376,510,669,897,21
VID_20181016_134904018.png 1028,425,1250,726,20
VID_20181016_134904018.png 415,505,667,900,21
VID_20181016_134904015.png 1040,410,1262,711,20
VID_20181016_134904015.png 429,505,681,900,21
VID_20181016_134904012.png 1054,405,1276,706,20
VID_20181016_134904012.png 447,505,699,900,21
VID_20181016_134904009.png 1066,395,1288,696,20
VID_20181016_134904009.png 469,505,721,900,21
VID_20181016_134904006.png 1084,389,1307,689,20
VID_20181016_134904006.png 491,505,743,900,21
VID_20181016_134904003.png 1096,389,1318,689,20
VID_20181016_134904003.png 501,505,753,900,21
VID_20181016_134904000.png 1100,389,1322,689,20
VID_20181016_134904000.png 507,505,759,900,21
VID_20181016_134817142.png 845,379,1161,731,20
VID_20181016_134817142.png 205,279,554,640,21
VID_20181016_134817139.png 860,380,1177,732,20
VID_20181016_134817139.png 217,288,566,650,21
VID_20181016_134817136.png 875,380,1192,732,20
VID_20181016_134817136.png 217,288,566,650,21
VID_20181016_134817133.png 879,382,1195,734,20
VID_20181016_134817133.png 225,297,574,659,21
VID_20181016_134817130.png 879,382,1195,734,20
VID_20181016_134817130.png 214,304,563,666,21
VID_20181016_134817127.png 890,394,1207,746,20
VID_20181016_134817127.png 227,307,576,669,21
VID_20181016_134817124.png 907,396,1224,747,20
VID_20181016_134817124.png 236,321,585,683,21
VID_20181016_134817121.png 922,396,1239,747,20
VID_20181016_134817121.png 247,323,596,684,21
VID_20181016_134817118.png 943,396,1259,747,20
VID_20181016_134817118.png 264,329,614,691,21
VID_20181016_134817115.png 990,397,1288,747,20
VID_20181016_134817115.png 297,332,647,694,21
VID_20181016_134817112.png 1022,392,1320,742,20
VID_20181016_134817112.png 338,341,677,703,21
VID_20181016_134817109.png 1069,389,1343,739,20
VID_20181016_134817109.png 370,348,708,710,21
VID_20181016_134817106.png 1074,382,1348,732,20
VID_20181016_134817106.png 377,341,698,749,21
VID_20181016_134817103.png 1067,385,1342,736,20
VID_20181016_134817103.png 362,371,683,779,21
VID_20181016_134817100.png 1050,389,1303,739,20
VID_20181016_134817100.png 338,398,659,806,21
VID_20181016_134817097.png 1050,389,1291,739,20
VID_20181016_134817097.png 338,404,659,812,21
VID_20181016_134817094.png 1067,382,1308,732,20
VID_20181016_134817094.png 348,430,669,837,21
VID_20181016_134817091.png 1099,380,1340,715,20
VID_20181016_134817091.png 404,431,691,859,21
VID_20181016_134817088.png 1131,382,1347,717,20
VID_20181016_134817088.png 431,434,718,862,21
VID_20181016_134817085.png 1150,374,1365,709,20
VID_20181016_134817085.png 458,459,744,887,21
VID_20181016_134817082.png 1177,372,1392,707,20
VID_20181016_134817082.png 486,470,773,898,21
VID_20181016_134817079.png 1202,370,1417,705,20
VID_20181016_134817079.png 540,485,784,928,21
VID_20181016_134817076.png 1202,370,1453,695,20
VID_20181016_134817076.png 579,494,823,938,21
VID_20181016_134817073.png 1236,355,1486,680,20
VID_20181016_134817073.png 618,496,862,939,21
VID_20181016_134817070.png 1266,333,1517,658,20
VID_20181016_134817070.png 681,499,881,936,21
VID_20181016_134817067.png 1291,327,1542,651,20
VID_20181016_134817067.png 719,500,917,933,21
VID_20181016_134817064.png 1297,320,1563,625,20
VID_20181016_134817064.png 727,497,980,925,21
VID_20181016_134817061.png 1318,308,1584,613,20
VID_20181016_134817061.png 760,489,1013,917,21
VID_20181016_134817058.png 1354,284,1620,589,20
VID_20181016_134817058.png 809,478,1062,906,21
VID_20181016_134817055.png 1369,260,1635,565,20
VID_20181016_134817055.png 839,464,1092,892,21
VID_20181016_134817052.png 1387,239,1653,544,20
VID_20181016_134817052.png 876,445,1130,873,21
VID_20181016_134817049.png 1384,221,1687,514,20
VID_20181016_134817049.png 913,430,1166,858,21
VID_20181016_134817046.png 1411,206,1714,499,20
VID_20181016_134817046.png 923,415,1220,854,21
VID_20181016_134817043.png 1441,194,1744,487,20
VID_20181016_134817043.png 959,403,1256,842,21
VID_20181016_134817040.png 1470,186,1756,457,20
VID_20181016_134817040.png 1004,385,1301,824,21
VID_20181016_134817037.png 1488,177,1774,448,20
VID_20181016_134817037.png 1052,361,1349,800,21
VID_20181016_134817034.png 1506,168,1792,439,20
VID_20181016_134817034.png 1064,349,1361,788,21
VID_20181016_134817031.png 1524,165,1810,436,20
VID_20181016_134817031.png 1103,373,1374,763,21
VID_20181016_134817028.png 1539,162,1825,433,20
VID_20181016_134817028.png 1129,364,1417,738,21
VID_20181016_134817025.png 1554,153,1840,424,20
VID_20181016_134817025.png 1156,361,1444,735,21
VID_20181016_134817022.png 1566,150,1852,421,20
VID_20181016_134817022.png 1180,349,1468,723,21
VID_20181016_134817019.png 1578,150,1864,421,20
VID_20181016_134817019.png 1189,343,1477,717,21
VID_20181016_134817016.png 1587,150,1873,421,20
VID_20181016_134817016.png 1204,334,1492,708,21
VID_20181016_134817013.png 1596,150,1882,421,20
VID_20181016_134817013.png 1221,333,1510,695,21
VID_20181016_134817010.png 1611,144,1897,415,20
VID_20181016_134817010.png 1242,330,1531,692,21
VID_20181016_134817007.png 1611,135,1897,406,20
VID_20181016_134817007.png 1242,330,1531,692,21
VID_20181016_134817004.png 1611,135,1897,406,20
VID_20181016_134817004.png 1242,321,1531,683,21
VID_20181016_134817001.png 1611,135,1897,406,20
VID_20181016_134817001.png 1242,321,1531,683,21
VID_20181016_134759220.png 763,237,1148,446,20
VID_20181016_134759220.png 470,733,1004,1044,21
VID_20181016_134759217.png 763,237,1148,446,20
VID_20181016_134759217.png 470,721,1004,1032,21
VID_20181016_134759214.png 763,237,1133,446,20
VID_20181016_134759214.png 470,720,983,1014,21
VID_20181016_134759211.png 763,237,1133,446,20
VID_20181016_134759211.png 470,714,983,1008,21
VID_20181016_134759208.png 763,237,1133,446,20
VID_20181016_134759208.png 470,699,983,993,21
VID_20181016_134759205.png 763,237,1106,426,20
VID_20181016_134759205.png 470,681,983,975,21
VID_20181016_134759202.png 763,231,1106,420,20
VID_20181016_134759202.png 470,666,983,960,21
VID_20181016_134759199.png 763,222,1106,411,20
VID_20181016_134759199.png 480,637,974,930,21
VID_20181016_134759196.png 763,222,1106,411,20
VID_20181016_134759196.png 500,629,961,892,21
VID_20181016_134759193.png 763,231,1081,396,20
VID_20181016_134759193.png 515,623,965,870,21
VID_20181016_134759190.png 763,231,1081,396,20
VID_20181016_134759190.png 520,608,954,843,21
VID_20181016_134759187.png 766,231,1062,391,20
VID_20181016_134759187.png 526,596,960,831,21
VID_20181016_134759184.png 757,231,1053,391,20
VID_20181016_134759184.png 534,588,943,809,21
VID_20181016_134759181.png 751,234,1047,394,20
VID_20181016_134759181.png 537,582,935,797,21
VID_20181016_134759178.png 736,231,1032,391,20
VID_20181016_134759178.png 537,573,935,788,21
VID_20181016_134759175.png 735,240,1008,391,20
VID_20181016_134759175.png 537,572,909,761,21
VID_20181016_134759172.png 726,243,999,394,20
VID_20181016_134759172.png 540,566,912,755,21
VID_20181016_134759169.png 732,246,991,398,20
VID_20181016_134759169.png 549,563,921,752,21
VID_20181016_134759166.png 723,252,982,404,20
VID_20181016_134759166.png 560,562,914,744,21
VID_20181016_134759163.png 708,264,967,416,20
VID_20181016_134759163.png 557,570,900,754,21
VID_20181016_134759160.png 696,279,955,431,20
VID_20181016_134759160.png 557,576,900,760,21
VID_20181016_134759157.png 690,291,949,443,20
VID_20181016_134759157.png 560,582,903,766,21
VID_20181016_134759154.png 675,301,934,453,20
VID_20181016_134759154.png 554,597,897,781,21
VID_20181016_134759151.png 675,311,934,463,20
VID_20181016_134759151.png 563,606,906,790,21
VID_20181016_134759148.png 675,311,934,493,20
VID_20181016_134759148.png 572,615,915,799,21
VID_20181016_134759145.png 663,313,922,495,20
VID_20181016_134759145.png 578,621,921,805,21
VID_20181016_134759142.png 651,313,911,495,20
VID_20181016_134759142.png 578,630,921,814,21
VID_20181016_134759139.png 658,316,907,498,20
VID_20181016_134759139.png 581,633,924,817,21
VID_20181016_134759136.png 648,318,897,500,20
VID_20181016_134759136.png 581,633,924,817,21
VID_20181016_134759133.png 663,311,912,508,20
VID_20181016_134759133.png 602,633,945,817,21
VID_20181016_134759130.png 663,311,912,508,20
VID_20181016_134759130.png 614,633,957,817,21
VID_20181016_134759127.png 667,311,916,508,20
VID_20181016_134759127.png 629,639,972,823,21
VID_20181016_134759124.png 670,308,919,505,20
VID_20181016_134759124.png 647,645,990,829,21
VID_20181016_135748616.png 766,475,994,784,20
VID_20181016_135748616.png 470,463,763,779,21
VID_20181016_135748613.png 763,472,991,781,20
VID_20181016_135748613.png 464,463,757,779,21
VID_20181016_135748610.png 763,472,991,781,20
VID_20181016_135748610.png 461,466,754,782,21
VID_20181016_135748607.png 764,476,992,785,20
VID_20181016_135748607.png 461,466,754,782,21
VID_20181016_135748604.png 764,476,992,785,20
VID_20181016_135748604.png 467,466,760,782,21
VID_20181016_135748601.png 769,485,997,794,20
VID_20181016_135748601.png 470,472,763,788,21
VID_20181016_135748598.png 769,487,997,797,20
VID_20181016_135748598.png 476,478,769,794,21
VID_20181016_135748595.png 769,492,997,802,20
VID_20181016_135748595.png 479,484,772,800,21
VID_20181016_135748592.png 775,492,1004,802,20
VID_20181016_135748592.png 482,484,775,800,21
VID_20181016_135748589.png 776,496,1005,805,20
VID_20181016_135748589.png 485,487,778,803,21
VID_20181016_135748586.png 779,496,1007,805,20
VID_20181016_135748586.png 485,487,778,803,21
VID_20181016_135748583.png 774,502,1002,812,20
VID_20181016_135748583.png 482,487,775,803,21
VID_20181016_135748580.png 778,504,1006,813,20
VID_20181016_135748580.png 488,487,781,803,21
VID_20181016_135748577.png 779,514,1007,823,20
VID_20181016_135748577.png 488,487,781,803,21
VID_20181016_135748574.png 775,513,1004,822,20
VID_20181016_135748574.png 488,487,781,803,21
VID_20181016_135748571.png 771,509,1000,818,20
VID_20181016_135748571.png 488,487,781,803,21
VID_20181016_135748568.png 771,506,1000,816,20
VID_20181016_135748568.png 476,487,769,803,21
VID_20181016_135748565.png 764,500,992,809,20
VID_20181016_135748565.png 470,487,763,803,21
VID_20181016_135748562.png 764,500,992,809,20
VID_20181016_135748562.png 470,487,763,803,21
VID_20181016_135748559.png 759,496,987,805,20
VID_20181016_135748559.png 470,487,763,803,21
VID_20181016_135748556.png 746,497,975,807,20
VID_20181016_135748556.png 470,487,763,803,21
VID_20181016_135748553.png 737,496,966,805,20
VID_20181016_135748553.png 468,490,737,794,21
VID_20181016_135748550.png 735,495,963,804,20
VID_20181016_135748550.png 468,490,737,794,21
VID_20181016_135748457.png 803,453,1055,941,20
VID_20181016_135748457.png 323,489,749,973,21
VID_20181016_135748454.png 865,432,1117,919,20
VID_20181016_135748454.png 355,431,780,967,21
VID_20181016_135748451.png 875,353,1218,918,20
VID_20181016_135748451.png 385,400,811,937,21
VID_20181016_135748448.png 937,312,1280,876,20
VID_20181016_135748448.png 427,356,852,893,21
VID_20181016_135748445.png 999,299,1342,864,20
VID_20181016_135748445.png 476,308,901,845,21
VID_20181016_135748442.png 1031,289,1375,853,20
VID_20181016_135748442.png 476,308,936,845,21
VID_20181016_135748439.png 1031,289,1424,918,20
VID_20181016_135748439.png 462,263,967,871,21
VID_20181016_135748436.png 1031,304,1424,933,20
VID_20181016_135748436.png 456,288,961,896,21
VID_20181016_135748433.png 998,322,1391,951,20
VID_20181016_135748433.png 389,314,894,923,21
VID_20181016_135748430.png 938,343,1331,972,20
VID_20181016_135748430.png 306,323,872,1006,21
VID_20181016_135748427.png 845,367,1238,996,20
VID_20181016_135748427.png 194,332,761,1015,21
VID_20181016_135748424.png 776,376,1169,1005,20
VID_20181016_135748424.png 121,365,688,1048,21
VID_20181016_135748421.png 722,394,1115,1023,20
VID_20181016_135748418.png 686,403,1079,1032,20
VID_20181016_135748418.png 42,370,612,1074,21
VID_20181016_135748418.png 38,355,602,1088,21
VID_20181016_135748415.png 662,409,1055,1038,20
VID_20181016_135748415.png 43,408,591,996,21
VID_20181016_135748412.png 650,409,1043,1038,20
VID_20181016_135748412.png 43,408,591,996,21
VID_20181016_135748409.png 638,409,1031,1038,20
VID_20181016_135748409.png 43,471,591,996,21
VID_20181016_135748406.png 626,406,1019,1035,20
VID_20181016_135748406.png 0,482,548,1007,21
VID_20181016_135748403.png 620,406,1013,1035,20
VID_20181016_135748403.png 0,462,466,956,21
VID_20181016_135748400.png 584,403,977,1032,20
VID_20181016_135748400.png 0,461,439,900,21
VID_20181016_135748397.png 569,412,962,1041,20
VID_20181016_135748394.png 569,421,962,1050,20
VID_20181016_135748391.png 578,430,971,1059,20
VID_20181016_135748388.png 584,436,977,1065,20
VID_20181016_135748385.png 572,454,965,1083,20
VID_20181016_135748382.png 563,469,956,1098,20
VID_20181016_135748379.png 554,469,947,1098,20
VID_20181016_135748376.png 548,466,941,1095,20
VID_20181016_135748373.png 549,485,942,1114,20
VID_20181016_135748370.png 549,496,942,1125,20
VID_20181016_135748367.png 454,481,992,1119,20
VID_20181016_135748364.png 454,481,992,1119,20
VID_20181016_135748361.png 396,513,1029,1150,20
VID_20181016_135748358.png 399,530,1031,1168,20
VID_20181016_135748355.png 398,534,1030,1172,20
VID_20181016_135748352.png 398,534,1030,1117,20
VID_20181016_135748349.png 335,528,1039,1090,20
VID_20181016_135748346.png 338,542,1043,1062,20
VID_20181016_135748343.png 338,542,1043,1062,20
VID_20181016_135748340.png 338,542,1043,1007,20
VID_20181016_135748337.png 340,538,1044,985,20
VID_20181016_135748334.png 359,550,1063,981,20
VID_20181016_135748331.png 359,550,1063,981,20
VID_20181016_135748328.png 357,558,1062,971,20
VID_20181016_135748325.png 361,573,1066,986,20
VID_20181016_135748322.png 357,558,1062,971,20
VID_20181016_135748319.png 340,472,1044,1018,20
VID_20181016_135748316.png 340,472,1044,1018,20
VID_20181016_135748313.png 340,472,1044,1018,20
VID_20181016_135748310.png 340,472,1044,1018,20
VID_20181016_135748307.png 341,452,1045,1072,20
VID_20181016_135748304.png 369,462,1073,1082,20
VID_20181016_135748301.png 394,468,1082,1129,20
VID_20181016_135748298.png 366,472,1054,1132,20
VID_20181016_135748295.png 390,418,1031,1182,20
VID_20181016_135748292.png 376,422,1018,1185,20
VID_20181016_135748289.png 443,422,1018,1185,20
VID_20181016_135748286.png 486,419,1000,1183,20
VID_20181016_135748283.png 486,419,1000,1183,20
VID_20181016_135748280.png 515,451,1029,1215,20
VID_20181016_135748277.png 515,451,1029,1215,20
VID_20181016_135748274.png 515,451,1029,1215,20
VID_20181016_135748271.png 515,451,1029,1215,20
VID_20181016_135748268.png 515,451,1029,1215,20
VID_20181016_135748265.png 515,451,1048,1215,20
VID_20181016_135748262.png 515,451,1048,1215,20
VID_20181016_135748259.png 544,484,1077,1247,20
VID_20181016_135748256.png 595,543,1127,1307,20
VID_20181016_135748253.png 737,582,1270,1346,20
VID_20181016_135748250.png 840,595,1372,1358,20
VID_20181016_135748247.png 917,593,1441,1350,20
VID_20181016_135748244.png 981,567,1441,1319,20
VID_20181016_135748244.png 0,478,183,1102,21
VID_20181016_135748241.png 1072,610,1441,1341,20
VID_20181016_135748241.png 0,478,312,1102,21
VID_20181016_135748238.png 1228,638,1441,1233,20
VID_20181016_135748238.png 0,478,441,1102,21
VID_20181016_135748235.png 40,501,555,1087,21
VID_20181016_135748232.png 191,500,683,1064,21
VID_20181016_135748229.png 340,489,774,1019,21
VID_20181016_135748226.png 410,466,845,996,21
VID_20181016_135748223.png 467,457,864,1002,21
VID_20181016_135748220.png 454,476,851,1021,21
VID_20181016_135748217.png 425,488,821,1074,21
VID_20181016_135748214.png 401,494,797,1080,21
VID_20181016_135748211.png 392,500,788,1086,21
VID_20181016_135748208.png 389,500,785,1086,21
VID_20181016_135748205.png 374,500,770,1086,21
VID_20181016_135748202.png 374,500,770,1086,21
VID_20181016_135748199.png 369,505,765,1091,21
VID_20181016_135748196.png 377,514,774,1100,21
VID_20181016_135748193.png 401,515,798,1101,21
VID_20181016_135748190.png 434,515,831,1101,21
VID_20181016_135748187.png 485,518,861,1103,21
VID_20181016_135748184.png 533,518,909,1103,21
VID_20181016_135748181.png 578,521,954,1107,21
VID_20181016_135748178.png 578,521,1011,1107,21
VID_20181016_135748175.png 549,521,1076,1107,21
VID_20181016_135748172.png 438,521,1103,1068,21
VID_20181016_135748169.png 446,555,1111,1044,21
VID_20181016_135748166.png 405,562,1112,1021,21
VID_20181016_135748163.png 405,562,1093,997,21
VID_20181016_135748160.png 318,590,1081,985,21
VID_20181016_135748157.png 318,593,1081,988,21
VID_20181016_135748154.png 318,608,1081,1003,21
VID_20181016_135748151.png 318,620,1081,1015,21
VID_20181016_135748148.png 318,620,1081,1015,21
VID_20181016_135748145.png 350,636,1112,1031,21
VID_20181016_135748142.png 350,636,1112,1031,21
VID_20181016_135748139.png 350,636,1112,1031,21
VID_20181016_135748136.png 350,636,1112,1031,21
VID_20181016_135748133.png 323,644,1086,1039,21
VID_20181016_135748130.png 323,644,1086,1039,21
VID_20181016_135748127.png 302,630,1064,1025,21
VID_20181016_135748124.png 302,630,1064,1025,21
VID_20181016_135748121.png 302,630,1064,1025,21
VID_20181016_135748118.png 300,617,1063,1013,21
VID_20181016_135748115.png 289,603,1052,999,21
VID_20181016_135748112.png 287,593,1049,989,21
VID_20181016_135748109.png 311,569,1073,965,21
VID_20181016_135748106.png 311,569,1073,943,21
VID_20181016_135748103.png 342,540,1105,914,21
VID_20181016_135748100.png 365,476,1127,900,21
VID_20181016_135748097.png 364,431,1126,855,21
VID_20181016_135748094.png 393,431,1126,855,21
VID_20181016_135748091.png 393,431,1126,855,21
VID_20181016_135748088.png 372,420,1106,845,21
VID_20181016_135748085.png 330,390,1066,898,21
VID_20181016_135748082.png 330,390,1066,898,21
VID_20181016_135748079.png 374,381,1023,1005,21
VID_20181016_135748076.png 374,381,1023,1005,21
VID_20181016_135748073.png 417,386,999,1010,21
VID_20181016_135748070.png 497,386,999,1010,21
VID_20181016_135748067.png 545,405,967,1106,21
VID_20181016_135748064.png 574,414,996,1115,21
VID_20181016_135748061.png 521,386,1010,1047,21
VID_20181016_135748058.png 525,393,1013,1023,21
VID_20181016_135748055.png 525,393,1013,1023,21
VID_20181016_135748052.png 545,377,1010,1028,21
VID_20181016_135748049.png 545,377,1010,1028,21
VID_20181016_135748046.png 547,359,1011,1009,21
VID_20181016_135748043.png 547,359,1011,1009,21
VID_20181016_135748040.png 532,351,996,1001,21
VID_20181016_135748037.png 496,337,961,987,21
VID_20181016_135748034.png 452,365,917,1015,21
VID_20181016_135748031.png 432,400,896,1050,21
VID_20181016_135748028.png 432,433,896,1050,21
VID_20181016_135748025.png 470,434,876,1035,21
VID_20181016_135748022.png 487,433,894,1034,21
VID_20181016_135748019.png 511,456,918,1057,21
VID_20181016_135748016.png 511,482,918,1057,21
VID_20181016_135748013.png 537,523,894,1062,21
VID_20181016_135748010.png 568,543,925,1082,21
VID_20181016_135748007.png 592,572,949,1111,21
VID_20181016_135748004.png 622,578,980,1117,21
VID_20181016_135748001.png 634,577,991,1116,21
VID_20181016_135722197.png 231,621,639,1035,20
VID_20181016_135722197.png 847,543,1302,995,21
VID_20181016_135722194.png 228,624,636,1038,20
VID_20181016_135722194.png 835,543,1290,995,21
VID_20181016_135722191.png 213,630,621,1044,20
VID_20181016_135722191.png 835,543,1290,995,21
VID_20181016_135722188.png 192,648,600,1062,20
VID_20181016_135722188.png 835,564,1290,1016,21
VID_20181016_135722185.png 192,648,600,1062,20
VID_20181016_135722185.png 803,581,1259,1033,21
VID_20181016_135722182.png 188,656,596,1071,20
VID_20181016_135722182.png 803,581,1259,1033,21
VID_20181016_135722179.png 144,649,574,1045,20
VID_20181016_135722179.png 783,579,1239,1031,21
VID_20181016_135722176.png 136,650,567,1047,20
VID_20181016_135722176.png 765,572,1221,999,21
VID_20181016_135722173.png 136,645,567,1042,20
VID_20181016_135722173.png 765,559,1221,968,21
VID_20181016_135722170.png 129,658,559,1054,20
VID_20181016_135722170.png 770,540,1226,949,21
VID_20181016_135722167.png 129,658,559,1054,20
VID_20181016_135722167.png 751,528,1207,937,21
VID_20181016_135722164.png 95,658,559,1054,20
VID_20181016_135722164.png 736,516,1192,925,21
VID_20181016_135722161.png 112,663,577,1059,20
VID_20181016_135722161.png 756,532,1212,922,21
VID_20181016_135722158.png 72,683,582,1079,20
VID_20181016_135722158.png 742,537,1198,927,21
VID_20181016_135722155.png 83,694,593,1091,20
VID_20181016_135722155.png 718,534,1236,924,21
VID_20181016_135722152.png 91,699,601,1096,20
VID_20181016_135722152.png 746,529,1264,919,21
VID_20181016_135722149.png 95,699,605,1096,20
VID_20181016_135722149.png 746,529,1264,919,21
VID_20181016_135722146.png 100,696,610,1092,20
VID_20181016_135722146.png 745,520,1262,895,21
VID_20181016_135722143.png 100,694,610,1091,20
VID_20181016_135722143.png 732,511,1250,886,21
VID_20181016_135722140.png 110,699,620,1096,20
VID_20181016_135722140.png 746,495,1264,870,21
VID_20181016_135722137.png 129,697,639,1093,20
VID_20181016_135722137.png 746,495,1264,845,21
VID_20181016_135722134.png 131,704,641,1101,20
VID_20181016_135722134.png 741,486,1259,836,21
VID_20181016_135722131.png 139,731,675,1088,20
VID_20181016_135722131.png 769,481,1286,831,21
VID_20181016_135722128.png 162,731,698,1088,20
VID_20181016_135722128.png 790,485,1308,835,21
VID_20181016_135722125.png 201,731,737,1088,20
VID_20181016_135722125.png 809,478,1327,828,21
VID_20181016_135722122.png 254,731,790,1072,20
VID_20181016_135722122.png 846,480,1363,816,21
VID_20181016_135722119.png 254,731,790,1072,20
VID_20181016_135722119.png 856,472,1374,808,21
VID_20181016_135722116.png 254,725,790,1066,20
VID_20181016_135722116.png 843,458,1361,794,21
VID_20181016_135722113.png 259,715,795,1029,20
VID_20181016_135722113.png 822,442,1340,778,21
VID_20181016_135722110.png 236,715,773,1029,20
VID_20181016_135722110.png 789,444,1307,742,21
VID_20181016_135722107.png 220,720,756,1034,20
VID_20181016_135722107.png 770,429,1288,727,21
VID_20181016_135722104.png 251,723,788,1016,20
VID_20181016_135722104.png 775,418,1293,716,21
VID_20181016_135722101.png 276,715,813,1007,20
VID_20181016_135722101.png 797,417,1314,693,21
VID_20181016_135722098.png 308,725,845,1018,20
VID_20181016_135722098.png 813,414,1331,691,21
VID_20181016_135722095.png 340,734,876,1026,20
VID_20181016_135722095.png 829,414,1347,691,21
VID_20181016_135722092.png 353,723,890,1016,20
VID_20181016_135722092.png 822,407,1340,683,21
VID_20181016_135722089.png 337,723,874,1016,20
VID_20181016_135722089.png 822,407,1340,683,21
VID_20181016_135722086.png 337,723,874,1016,20
VID_20181016_135722086.png 794,405,1312,682,21
VID_20181016_135722083.png 328,728,865,1021,20
VID_20181016_135722083.png 788,401,1285,662,21
VID_20181016_135722080.png 328,728,865,1021,20
VID_20181016_135722080.png 770,401,1268,662,21
VID_20181016_135722077.png 336,731,872,1024,20
VID_20181016_135722077.png 757,404,1259,644,21
VID_20181016_135722074.png 361,734,898,1026,20
VID_20181016_135722074.png 768,401,1269,641,21
VID_20181016_135722071.png 407,739,943,1031,20
VID_20181016_135722071.png 797,408,1298,648,21
VID_20181016_135722068.png 438,759,975,1052,20
VID_20181016_135722068.png 814,408,1316,648,21
VID_20181016_135722065.png 472,794,1009,1087,20
VID_20181016_135722065.png 828,436,1329,675,21
VID_20181016_135722062.png 470,814,1006,1107,20
VID_20181016_135722062.png 824,448,1326,688,21
VID_20181016_135722059.png 467,818,1004,1111,20
VID_20181016_135722059.png 819,462,1321,702,21
VID_20181016_135722056.png 475,821,1011,1114,20
VID_20181016_135722056.png 846,472,1347,712,21
VID_20181016_135722053.png 505,822,1042,1115,20
VID_20181016_135722053.png 846,472,1347,712,21
VID_20181016_135722050.png 505,822,1042,1115,20
VID_20181016_135722050.png 846,472,1347,712,21
VID_20181016_135722047.png 490,813,1026,1106,20
VID_20181016_135722047.png 837,475,1338,715,21
VID_20181016_135722044.png 482,816,1019,1108,20
VID_20181016_135722044.png 827,477,1328,717,21
VID_20181016_135722041.png 475,804,1011,1097,20
VID_20181016_135722041.png 819,471,1321,711,21
VID_20181016_135722038.png 475,804,1011,1097,20
VID_20181016_135722038.png 813,462,1314,702,21
VID_20181016_135722035.png 465,792,1001,1084,20
VID_20181016_135722035.png 807,453,1308,693,21
VID_20181016_135722032.png 465,792,973,1084,20
VID_20181016_135722032.png 798,449,1299,689,21
VID_20181016_135722029.png 446,789,954,1082,20
VID_20181016_135722029.png 788,453,1251,673,21
VID_20181016_135722026.png 446,789,954,1082,20
VID_20181016_135722026.png 773,454,1236,674,21
VID_20181016_135722023.png 424,781,933,1074,20
VID_20181016_135722023.png 751,462,1215,682,21
VID_20181016_135722020.png 429,776,938,1069,20
VID_20181016_135722020.png 735,451,1198,670,21
VID_20181016_135722017.png 433,771,942,1064,20
VID_20181016_135722017.png 735,451,1198,670,21
VID_20181016_135722014.png 422,771,930,1064,20
VID_20181016_135722014.png 728,443,1192,663,21
VID_20181016_135722011.png 403,761,912,1054,20
VID_20181016_135722011.png 693,439,1156,659,21
VID_20181016_135722008.png 357,742,866,1035,20
VID_20181016_135722008.png 643,432,1106,651,21
VID_20181016_135722005.png 345,723,853,1016,20
VID_20181016_135722005.png 631,427,1095,646,21
VID_20181016_135722002.png 350,718,858,1011,20
VID_20181016_135722002.png 631,427,1095,646,21
VID_20181016_135050222.png 600,278,1049,563,20
VID_20181016_135050222.png 340,711,977,1025,21
VID_20181016_135050219.png 615,275,1064,560,20
VID_20181016_135050219.png 346,683,983,997,21
VID_20181016_135050216.png 633,272,1082,557,20
VID_20181016_135050216.png 360,672,997,986,21
VID_20181016_135050213.png 651,272,1100,557,20
VID_20181016_135050213.png 384,672,997,986,21
VID_20181016_135050210.png 660,269,1109,554,20
VID_20181016_135050210.png 384,672,997,986,21
VID_20181016_135050207.png 663,269,1112,554,20
VID_20181016_135050207.png 408,672,997,986,21
VID_20181016_135050204.png 654,269,1103,554,20
VID_20181016_135050204.png 394,616,983,986,21
VID_20181016_135050201.png 654,269,1103,554,20
VID_20181016_135050201.png 374,609,963,978,21
VID_20181016_135050198.png 654,269,1103,554,20
VID_20181016_135050198.png 374,609,963,978,21
VID_20181016_135050195.png 645,275,1094,560,20
VID_20181016_135050195.png 374,609,963,978,21
VID_20181016_135050192.png 636,284,1085,569,20
VID_20181016_135050192.png 359,614,948,983,21
VID_20181016_135050189.png 630,293,1079,578,20
VID_20181016_135050189.png 342,615,932,985,21
VID_20181016_135050186.png 630,299,1079,584,20
VID_20181016_135050186.png 316,615,905,985,21
VID_20181016_135050183.png 630,299,1079,584,20
VID_20181016_135050183.png 316,615,905,985,21
VID_20181016_135050180.png 630,305,1079,590,20
VID_20181016_135050180.png 292,621,881,991,21
VID_20181016_135050177.png 630,311,1079,596,20
VID_20181016_135050177.png 279,624,869,994,21
VID_20181016_135050174.png 633,317,1082,602,20
VID_20181016_135050174.png 266,626,856,996,21
VID_20181016_135050171.png 633,323,1082,608,20
VID_20181016_135050171.png 247,627,837,997,21
VID_20181016_135050168.png 630,326,1079,611,20
VID_20181016_135050168.png 247,627,837,997,21
VID_20181016_135050165.png 639,293,1089,637,20
VID_20181016_135050165.png 247,627,816,997,21
VID_20181016_135050162.png 645,296,1095,640,20
VID_20181016_135050162.png 247,597,816,1028,21
VID_20181016_135050159.png 654,302,1104,646,20
VID_20181016_135050159.png 232,596,800,1026,21
VID_20181016_135050156.png 660,314,1110,658,20
VID_20181016_135050156.png 227,592,795,1023,21
VID_20181016_135050153.png 660,314,1110,658,20
VID_20181016_135050153.png 216,591,784,1021,21
VID_20181016_135050150.png 670,324,1120,668,20
VID_20181016_135050150.png 205,591,773,1021,21
VID_20181016_135050147.png 670,313,1120,692,20
VID_20181016_135050147.png 201,587,769,1018,21
VID_20181016_135050144.png 670,313,1120,692,20
VID_20181016_135050144.png 201,587,749,1018,21
VID_20181016_135050141.png 667,319,1117,698,20
VID_20181016_135050141.png 194,592,742,1023,21
VID_20181016_135050138.png 667,319,1117,698,20
VID_20181016_135050138.png 182,586,730,1016,21
VID_20181016_135050135.png 664,322,1114,701,20
VID_20181016_135050135.png 172,576,720,1006,21
VID_20181016_135050132.png 661,325,1111,704,20
VID_20181016_135050132.png 172,576,720,1006,21
VID_20181016_135050129.png 658,325,1108,704,20
VID_20181016_135050129.png 172,576,698,1006,21
VID_20181016_135050126.png 655,328,1105,707,20
VID_20181016_135050126.png 159,557,686,987,21
VID_20181016_135050123.png 655,328,1105,707,20
VID_20181016_135050123.png 141,552,668,982,21
VID_20181016_135050120.png 655,328,1105,707,20
VID_20181016_135050120.png 131,545,658,976,21
VID_20181016_135050117.png 655,328,1105,707,20
VID_20181016_135050117.png 129,530,634,992,21
VID_20181016_135050114.png 655,328,1105,707,20
VID_20181016_135050114.png 130,502,635,965,21
VID_20181016_135050111.png 655,328,1105,707,20
VID_20181016_135050111.png 130,502,635,965,21
VID_20181016_135050108.png 677,324,1105,707,20
VID_20181016_135050108.png 130,502,622,965,21
VID_20181016_135050105.png 677,324,1105,707,20
VID_20181016_135050105.png 133,481,619,943,21
VID_20181016_135050102.png 692,312,1105,707,20
VID_20181016_135050102.png 133,481,619,943,21
VID_20181016_135050099.png 701,313,1114,708,20
VID_20181016_135050099.png 148,465,634,927,21
VID_20181016_135050096.png 710,314,1122,710,20
VID_20181016_135050096.png 148,465,634,927,21
VID_20181016_135050093.png 716,294,1129,731,20
VID_20181016_135050093.png 158,441,610,928,21
VID_20181016_135050090.png 721,308,1134,745,20
VID_20181016_135050090.png 158,441,610,928,21
VID_20181016_135050087.png 721,308,1134,745,20
VID_20181016_135050087.png 158,441,593,928,21
VID_20181016_135050084.png 721,308,1134,745,20
VID_20181016_135050084.png 158,441,593,928,21
VID_20181016_135050081.png 742,332,1155,769,20
VID_20181016_135050081.png 167,443,602,930,21
VID_20181016_135050078.png 751,338,1164,775,20
VID_20181016_135050078.png 186,404,602,913,21
VID_20181016_135050075.png 751,338,1164,775,20
VID_20181016_135050075.png 186,404,602,913,21
VID_20181016_135050072.png 760,336,1173,773,20
VID_20181016_135050072.png 186,404,602,913,21
VID_20181016_135050069.png 785,341,1175,795,20
VID_20181016_135050069.png 197,396,591,905,21
VID_20181016_135050066.png 785,341,1175,795,20
VID_20181016_135050066.png 197,396,591,905,21
VID_20181016_135050063.png 785,341,1175,795,20
VID_20181016_135050063.png 197,396,591,905,21
VID_20181016_135050060.png 780,340,1170,794,20
VID_20181016_135050060.png 197,396,591,905,21
VID_20181016_135050057.png 780,340,1170,794,20
VID_20181016_135050057.png 197,396,567,905,21
VID_20181016_135050054.png 776,338,1167,793,20
VID_20181016_135050054.png 194,370,564,879,21
VID_20181016_135050051.png 776,338,1167,793,20
VID_20181016_135050051.png 189,355,559,864,21
VID_20181016_135050048.png 776,338,1167,793,20
VID_20181016_135050048.png 189,355,528,872,21
VID_20181016_135050045.png 787,334,1147,825,20
VID_20181016_135050045.png 177,337,515,855,21
VID_20181016_135050042.png 778,337,1138,828,20
VID_20181016_135050042.png 177,337,515,855,21
VID_20181016_135050039.png 781,340,1141,831,20
VID_20181016_135050039.png 177,337,497,855,21
VID_20181016_135050036.png 787,346,1147,837,20
VID_20181016_135050036.png 173,324,494,842,21
VID_20181016_135050033.png 793,352,1153,843,20
VID_20181016_135050033.png 183,324,494,842,21
VID_20181016_135050030.png 796,355,1156,846,20
VID_20181016_135050030.png 193,324,504,842,21
VID_20181016_135050027.png 802,367,1162,858,20
VID_20181016_135050027.png 193,324,504,842,21
VID_20181016_135050024.png 811,373,1171,864,20
VID_20181016_135050024.png 193,324,504,842,21
VID_20181016_135050021.png 817,379,1177,870,20
VID_20181016_135050021.png 202,319,513,837,21
VID_20181016_135050018.png 817,379,1177,870,20
VID_20181016_135050018.png 202,319,513,837,21
VID_20181016_135050015.png 817,379,1177,870,20
VID_20181016_135050015.png 202,319,513,837,21
VID_20181016_135050012.png 817,379,1177,870,20
VID_20181016_135050012.png 208,319,519,837,21
VID_20181016_135050009.png 817,379,1177,870,20
VID_20181016_135050009.png 203,311,514,828,21
VID_20181016_135050006.png 817,379,1177,870,20
VID_20181016_135050006.png 203,311,514,828,21
VID_20181016_135050003.png 817,379,1177,870,20
VID_20181016_135050003.png 210,322,520,840,21
VID_20181016_135050000.png 817,379,1177,870,20
VID_20181016_135050000.png 210,322,520,840,21
VID_20181016_135034314.png 794,379,1222,870,20
VID_20181016_135034314.png 171,379,591,919,21
VID_20181016_135034311.png 807,398,1235,889,20
VID_20181016_135034311.png 177,388,597,928,21
VID_20181016_135034308.png 787,407,1253,898,20
VID_20181016_135034308.png 183,406,603,946,21
VID_20181016_135034305.png 787,416,1253,907,20
VID_20181016_135034305.png 189,418,609,958,21
VID_20181016_135034302.png 793,428,1259,919,20
VID_20181016_135034302.png 177,436,622,976,21
VID_20181016_135034299.png 793,428,1259,919,20
VID_20181016_135034299.png 177,454,622,994,21
VID_20181016_135034296.png 763,443,1251,933,20
VID_20181016_135034296.png 165,466,610,1006,21
VID_20181016_135034293.png 763,443,1251,933,20
VID_20181016_135034293.png 129,471,597,1011,21
VID_20181016_135034290.png 739,434,1227,924,20
VID_20181016_135034290.png 116,481,585,1021,21
VID_20181016_135034287.png 730,419,1218,909,20
VID_20181016_135034287.png 106,473,574,1014,21
VID_20181016_135034284.png 721,395,1209,885,20
VID_20181016_135034284.png 106,473,573,992,21
VID_20181016_135034281.png 706,374,1194,864,20
VID_20181016_135034281.png 98,457,566,976,21
VID_20181016_135034278.png 694,356,1182,846,20
VID_20181016_135034278.png 88,448,555,967,21
VID_20181016_135034275.png 694,347,1182,837,20
VID_20181016_135034275.png 88,448,555,967,21
VID_20181016_135034272.png 701,362,1180,829,20
VID_20181016_135034272.png 102,467,569,986,21
VID_20181016_135034269.png 713,374,1192,841,20
VID_20181016_135034269.png 80,470,617,989,21
VID_20181016_135034266.png 728,377,1207,844,20
VID_20181016_135034266.png 112,482,650,1001,21
VID_20181016_135034263.png 728,377,1207,844,20
VID_20181016_135034263.png 119,476,656,995,21
VID_20181016_135034260.png 728,377,1207,844,20
VID_20181016_135034260.png 117,496,655,1015,21
VID_20181016_135034257.png 725,377,1204,844,20
VID_20181016_135034257.png 117,496,655,1015,21
VID_20181016_135034254.png 722,380,1201,847,20
VID_20181016_135034254.png 117,514,655,1015,21
VID_20181016_135034251.png 719,398,1198,843,20
VID_20181016_135034251.png 130,539,668,1040,21
VID_20181016_135034248.png 710,401,1189,846,20
VID_20181016_135034248.png 131,559,669,1060,21
VID_20181016_135034245.png 698,410,1177,834,20
VID_20181016_135034245.png 133,568,670,1069,21
VID_20181016_135034242.png 683,410,1162,834,20
VID_20181016_135034242.png 111,583,669,1061,21
VID_20181016_135034239.png 662,407,1141,831,20
VID_20181016_135034239.png 120,592,678,1070,21
VID_20181016_135034236.png 653,395,1132,819,20
VID_20181016_135034236.png 120,601,678,1067,21
VID_20181016_135034233.png 653,395,1125,785,20
VID_20181016_135034233.png 120,601,678,1067,21
VID_20181016_135034230.png 653,395,1125,785,20
VID_20181016_135034230.png 129,610,711,1054,21
VID_20181016_135034227.png 653,395,1125,785,20
VID_20181016_135034227.png 132,619,714,1063,21
VID_20181016_135034224.png 653,401,1125,791,20
VID_20181016_135034224.png 138,640,720,1084,21
VID_20181016_135034221.png 653,419,1125,796,20
VID_20181016_135034221.png 144,658,726,1102,21
VID_20181016_135034218.png 653,431,1125,808,20
VID_20181016_135034218.png 162,673,744,1102,21
VID_20181016_135034215.png 653,431,1125,787,20
VID_20181016_135034215.png 162,688,789,1088,21
VID_20181016_135034212.png 653,428,1125,784,20
VID_20181016_135034212.png 162,700,789,1100,21
VID_20181016_135034209.png 653,428,1125,784,20
VID_20181016_135034209.png 161,709,789,1088,21
VID_20181016_135034206.png 635,431,1107,770,20
VID_20181016_135034206.png 170,718,798,1097,21
VID_20181016_135034203.png 635,431,1107,770,20
VID_20181016_135034203.png 170,727,798,1106,21
VID_20181016_135034200.png 623,431,1095,770,20
VID_20181016_135034200.png 171,742,798,1098,21
VID_20181016_135034197.png 620,431,1092,770,20
VID_20181016_135034197.png 171,757,798,1113,21
VID_20181016_135034194.png 620,443,1092,757,20
VID_20181016_135034194.png 186,769,813,1125,21
VID_20181016_135034191.png 629,443,1101,757,20
VID_20181016_135034191.png 192,775,819,1131,21
VID_20181016_135034188.png 638,452,1110,766,20
VID_20181016_135034188.png 210,787,837,1143,21
VID_20181016_135034185.png 638,461,1110,775,20
VID_20181016_135034185.png 219,799,846,1155,21
VID_20181016_135034182.png 641,461,1113,775,20
VID_20181016_135034182.png 231,811,858,1167,21
VID_20181016_135034179.png 650,470,1111,761,20
VID_20181016_135034179.png 237,820,864,1176,21
VID_20181016_135034176.png 650,473,1111,764,20
VID_20181016_135034176.png 258,832,885,1188,21
VID_20181016_135034173.png 650,473,1111,764,20
VID_20181016_135034173.png 267,844,894,1167,21
VID_20181016_135034170.png 650,464,1111,755,20
VID_20181016_135034170.png 270,844,897,1167,21
VID_20181016_135034167.png 641,452,1102,743,20
VID_20181016_135034167.png 279,829,906,1152,21
VID_20181016_135034164.png 632,440,1093,731,20
VID_20181016_135034164.png 279,823,906,1146,21
VID_20181016_135034161.png 617,428,1078,719,20
VID_20181016_135034161.png 279,814,906,1137,21
VID_20181016_135034158.png 608,422,1069,713,20
VID_20181016_135034158.png 282,814,909,1137,21
VID_20181016_135034155.png 602,410,1063,701,20
VID_20181016_135034155.png 288,805,915,1128,21
VID_20181016_135034152.png 602,401,1063,692,20
VID_20181016_135034152.png 300,805,927,1128,21
VID_20181016_135034149.png 605,398,1066,689,20
VID_20181016_135034149.png 309,799,936,1122,21
VID_20181016_135034146.png 608,395,1069,686,20
VID_20181016_135034146.png 321,799,948,1122,21
VID_20181016_135034143.png 611,392,1072,683,20
VID_20181016_135034143.png 330,799,957,1122,21
VID_20181016_135034140.png 611,386,1072,677,20
VID_20181016_135034140.png 343,759,971,1143,21
VID_20181016_135034137.png 614,383,1075,674,20
VID_20181016_135034137.png 364,755,991,1139,21
VID_20181016_135034134.png 617,380,1078,671,20
VID_20181016_135034134.png 364,755,991,1139,21
VID_20181016_135034131.png 623,374,1084,665,20
VID_20181016_135034131.png 390,757,1018,1141,21
VID_20181016_135034128.png 629,371,1090,662,20
VID_20181016_135034128.png 413,757,1018,1141,21
VID_20181016_135034125.png 629,371,1090,662,20
VID_20181016_135034125.png 420,757,1025,1141,21
VID_20181016_135034122.png 629,371,1090,662,20
VID_20181016_135034122.png 437,757,1035,1141,21
VID_20181016_135034119.png 629,371,1090,662,20
VID_20181016_135034119.png 444,756,1043,1140,21
VID_20181016_135034116.png 629,371,1090,662,20
VID_20181016_135034116.png 453,750,1052,1134,21
VID_20181016_135034113.png 629,371,1090,662,20
VID_20181016_135034113.png 468,752,1067,1136,21
VID_20181016_135034110.png 629,371,1090,662,20
VID_20181016_135034110.png 486,752,1084,1136,21
VID_20181016_135034107.png 629,371,1090,662,20
VID_20181016_135034107.png 501,754,1100,1138,21
VID_20181016_135034104.png 629,371,1090,662,20
VID_20181016_135034104.png 513,755,1111,1139,21
VID_20181016_135034101.png 630,356,1086,696,20
VID_20181016_135034101.png 525,755,1124,1139,21
VID_20181016_135034098.png 630,356,1086,696,20
VID_20181016_135034098.png 542,759,1140,1143,21
VID_20181016_135034095.png 630,356,1086,696,20
VID_20181016_135034095.png 542,759,1140,1143,21
VID_20181016_135034092.png 630,356,1086,696,20
VID_20181016_135034092.png 562,759,1140,1143,21
VID_20181016_135034089.png 630,356,1086,696,20
VID_20181016_135034089.png 562,742,1140,1182,21
VID_20181016_135034086.png 630,356,1086,696,20
VID_20181016_135034086.png 569,749,1148,1188,21
VID_20181016_135034083.png 643,351,1098,691,20
VID_20181016_135034083.png 587,757,1165,1197,21
VID_20181016_135034080.png 656,348,1112,688,20
VID_20181016_135034080.png 596,757,1174,1197,21
VID_20181016_135034077.png 656,348,1112,688,20
VID_20181016_135034077.png 614,752,1192,1192,21
VID_20181016_135034074.png 668,343,1124,683,20
VID_20181016_135034074.png 627,747,1206,1187,21
VID_20181016_135034071.png 675,337,1131,677,20
VID_20181016_135034071.png 638,740,1216,1179,21
VID_20181016_135034068.png 675,337,1131,677,20
VID_20181016_135034068.png 655,731,1233,1170,21
VID_20181016_135034065.png 697,330,1153,669,20
VID_20181016_135034065.png 674,717,1252,1156,21
VID_20181016_135034062.png 697,330,1153,669,20
VID_20181016_135034062.png 710,708,1261,1148,21
VID_20181016_135034059.png 697,330,1153,669,20
VID_20181016_135034059.png 728,704,1280,1144,21
VID_20181016_135034056.png 697,330,1134,669,20
VID_20181016_135034056.png 739,699,1290,1139,21
VID_20181016_135034053.png 697,330,1134,669,20
VID_20181016_135034053.png 739,699,1290,1139,21
VID_20181016_135034050.png 694,300,1131,689,20
VID_20181016_135034050.png 766,699,1290,1132,21
VID_20181016_135034047.png 680,297,1117,686,20
VID_20181016_135034047.png 781,693,1305,1126,21
VID_20181016_135034044.png 668,290,1105,679,20
VID_20181016_135034044.png 792,683,1294,1112,21
VID_20181016_135034041.png 654,284,1091,673,20
VID_20181016_135034041.png 798,629,1284,1103,21
VID_20181016_135034038.png 644,282,1081,670,20
VID_20181016_135034038.png 798,629,1284,1103,21
VID_20181016_135034035.png 644,282,1081,670,20
VID_20181016_135034035.png 798,629,1284,1103,21
VID_20181016_135034032.png 631,280,1068,669,20
VID_20181016_135034032.png 814,621,1280,1096,21
VID_20181016_135034029.png 619,278,1055,667,20
VID_20181016_135034029.png 814,621,1280,1096,21
VID_20181016_135034026.png 619,278,1055,667,20
VID_20181016_135034026.png 811,617,1276,1092,21
VID_20181016_135034023.png 619,278,1055,667,20
VID_20181016_135034023.png 817,617,1283,1092,21
VID_20181016_135034020.png 619,278,1055,667,20
VID_20181016_135034020.png 822,609,1288,1083,21
VID_20181016_135034017.png 629,274,1066,663,20
VID_20181016_135034017.png 850,607,1316,1082,21
VID_20181016_135034014.png 629,274,1066,663,20
VID_20181016_135034014.png 850,607,1316,1082,21
VID_20181016_135034011.png 629,274,1066,663,20
VID_20181016_135034011.png 879,614,1345,1082,21
VID_20181016_135034008.png 655,288,1092,677,20
VID_20181016_135034008.png 879,614,1345,1082,21
VID_20181016_135034005.png 673,279,1110,668,20
VID_20181016_135034005.png 917,609,1350,1076,21
VID_20181016_135034002.png 673,279,1110,668,20
VID_20181016_135034002.png 917,609,1350,1076,21
VID_20181016_135017131.png 0,393,271,635,20
VID_20181016_135017131.png 433,475,896,937,21
VID_20181016_135017128.png 0,393,271,635,20
VID_20181016_135017128.png 420,468,884,930,21
VID_20181016_135017125.png 0,393,271,635,20
VID_20181016_135017125.png 420,468,884,930,21
VID_20181016_135017122.png 0,393,271,635,20
VID_20181016_135017122.png 420,468,884,930,21
VID_20181016_135017119.png 0,393,271,635,20
VID_20181016_135017119.png 408,476,871,938,21
VID_20181016_135017116.png 0,393,271,635,20
VID_20181016_135017116.png 408,476,871,938,21
VID_20181016_135017113.png 0,393,271,635,20
VID_20181016_135017113.png 408,476,871,938,21
VID_20181016_135748547.png 735,495,963,804,20
VID_20181016_135748547.png 459,490,728,794,21
VID_20181016_135748544.png 726,499,954,808,20
VID_20181016_135748544.png 450,490,719,794,21
VID_20181016_135748541.png 718,496,947,805,20
VID_20181016_135748541.png 441,493,710,797,21
VID_20181016_135748538.png 441,508,710,812,21
VID_20181016_135748535.png 730,525,959,821,20
VID_20181016_135748535.png 456,511,725,815,21
VID_20181016_135748532.png 752,513,954,835,20
VID_20181016_135748532.png 741,526,971,822,20
VID_20181016_135748532.png 462,511,731,815,21
VID_20181016_135748529.png 756,513,958,835,20
VID_20181016_135748529.png 468,511,737,815,21
VID_20181016_135748526.png 752,513,954,835,20
VID_20181016_135748526.png 465,508,734,812,21
VID_20181016_135748523.png 747,509,949,831,20
VID_20181016_135748523.png 459,508,728,812,21
VID_20181016_135748520.png 740,509,942,831,20
VID_20181016_135748520.png 456,508,725,812,21
VID_20181016_135748517.png 735,508,937,829,20
VID_20181016_135748517.png 447,508,716,812,21
VID_20181016_135748514.png 726,504,928,826,20
VID_20181016_135748514.png 441,508,710,812,21
VID_20181016_135748511.png 697,496,928,843,20
VID_20181016_135748511.png 432,508,701,812,21
VID_20181016_135748508.png 702,501,933,848,20
VID_20181016_135748508.png 432,508,701,812,21
VID_20181016_135748505.png 702,501,933,848,20
VID_20181016_135748505.png 432,517,701,821,21
VID_20181016_135748502.png 702,501,933,848,20
VID_20181016_135748502.png 432,517,701,821,21
VID_20181016_135748499.png 699,502,930,850,20
VID_20181016_135748499.png 432,529,701,833,21
VID_20181016_135748496.png 699,502,930,850,20
VID_20181016_135748496.png 417,515,686,819,21
VID_20181016_135748493.png 686,465,917,841,20
VID_20181016_135748493.png 381,482,686,819,21
VID_20181016_135748490.png 674,466,905,842,20
VID_20181016_135748490.png 367,472,672,809,21
VID_20181016_135748487.png 639,462,870,838,20
VID_20181016_135748487.png 324,482,629,819,21
VID_20181016_135748484.png 621,470,852,846,20
VID_20181016_135748484.png 250,492,611,856,21
VID_20181016_135748481.png 619,480,850,856,20
VID_20181016_135748481.png 250,493,611,898,21
VID_20181016_135748478.png 619,480,871,899,20
VID_20181016_135748478.png 250,499,611,904,21
VID_20181016_135748475.png 633,492,885,912,20
VID_20181016_135748475.png 250,505,611,910,21
VID_20181016_135748472.png 643,497,895,917,20
VID_20181016_135748472.png 250,505,611,941,21
VID_20181016_135748469.png 668,481,920,968,20
VID_20181016_135748469.png 250,505,611,990,21
VID_20181016_135748466.png 694,473,947,961,20
VID_20181016_135748466.png 263,511,624,996,21
VID_20181016_135748463.png 736,473,989,961,20
VID_20181016_135748463.png 293,508,654,992,21
VID_20181016_135748460.png 760,472,1013,959,20
VID_20181016_135748460.png 318,492,679,977,21
VID_20181016_134759121.png 682,316,931,513,20
VID_20181016_134759121.png 665,645,1008,829,21
VID_20181016_134759118.png 700,318,949,515,20
VID_20181016_134759118.png 692,645,1035,829,21
VID_20181016_134759115.png 717,327,966,524,20
VID_20181016_134759115.png 722,645,1065,829,21
VID_20181016_134759112.png 717,327,966,524,20
VID_20181016_134759112.png 737,644,1080,848,21
VID_20181016_134759109.png 712,335,961,532,20
VID_20181016_134759109.png 743,650,1086,854,21
VID_20181016_134759106.png 719,338,968,535,20
VID_20181016_134759106.png 758,650,1101,854,21
VID_20181016_134759103.png 734,340,983,537,20
VID_20181016_134759103.png 779,650,1122,854,21
VID_20181016_134759100.png 746,337,995,534,20
VID_20181016_134759100.png 806,650,1149,854,21
VID_20181016_134759097.png 749,338,998,535,20
VID_20181016_134759097.png 818,650,1161,854,21
VID_20181016_134759094.png 756,342,1005,539,20
VID_20181016_134759094.png 840,612,1183,864,21
VID_20181016_134759091.png 773,348,1022,545,20
VID_20181016_134759091.png 867,609,1210,861,21
VID_20181016_134759088.png 773,348,1022,545,20
VID_20181016_134759088.png 876,606,1219,858,21
VID_20181016_134759085.png 796,343,1022,540,20
VID_20181016_134759085.png 900,603,1243,855,21
VID_20181016_134759082.png 817,319,1042,548,20
VID_20181016_134759082.png 933,603,1276,855,21
VID_20181016_134759079.png 829,316,1054,545,20
VID_20181016_134759079.png 957,597,1300,849,21
VID_20181016_134759076.png 838,316,1063,545,20
VID_20181016_134759076.png 981,597,1324,849,21
VID_20181016_134759073.png 841,316,1066,545,20
VID_20181016_134759073.png 990,588,1333,840,21
VID_20181016_134759070.png 835,316,1060,545,20
VID_20181016_134759070.png 990,588,1333,840,21
VID_20181016_134759067.png 817,322,1042,551,20
VID_20181016_134759067.png 981,588,1324,840,21
VID_20181016_134759064.png 802,325,1027,554,20
VID_20181016_134759064.png 975,588,1318,840,21
VID_20181016_134759061.png 805,328,1030,557,20
VID_20181016_134759061.png 990,588,1333,840,21
VID_20181016_134759058.png 796,331,1021,560,20
VID_20181016_134759058.png 972,585,1349,848,21
VID_20181016_134759055.png 784,331,1009,560,20
VID_20181016_134759055.png 987,590,1322,853,21
VID_20181016_134759052.png 781,331,1006,560,20
VID_20181016_134759052.png 987,590,1322,853,21
VID_20181016_134759049.png 775,331,1000,560,20
VID_20181016_134759049.png 987,590,1322,853,21
VID_20181016_134759046.png 784,325,1009,554,20
VID_20181016_134759046.png 1000,577,1318,855,21
VID_20181016_134759043.png 784,325,1009,554,20
VID_20181016_134759043.png 1012,574,1330,852,21
VID_20181016_134759040.png 793,325,1000,554,20
VID_20181016_134759040.png 1018,571,1336,849,21
VID_20181016_134759037.png 790,319,997,548,20
VID_20181016_134759037.png 1027,565,1345,843,21
VID_20181016_134759034.png 811,319,1018,548,20
VID_20181016_134759034.png 1051,562,1369,840,21
VID_20181016_134759031.png 832,319,1039,548,20
VID_20181016_134759031.png 1093,538,1393,833,21
VID_20181016_134759028.png 838,297,1045,557,20
VID_20181016_134759028.png 1114,529,1414,824,21
VID_20181016_134759025.png 847,297,1054,557,20
VID_20181016_134759025.png 1132,523,1432,818,21
VID_20181016_134759022.png 850,297,1057,557,20
VID_20181016_134759022.png 1156,511,1456,806,21
VID_20181016_134759019.png 853,297,1060,557,20
VID_20181016_134759019.png 1174,511,1474,806,21
VID_20181016_134759016.png 859,306,1066,566,20
VID_20181016_134759016.png 1183,504,1485,814,21
VID_20181016_134759013.png 871,306,1078,566,20
VID_20181016_134759013.png 1199,500,1501,810,21
VID_20181016_134759010.png 889,306,1096,566,20
VID_20181016_134759010.png 1242,499,1544,809,21
VID_20181016_134759007.png 907,306,1114,566,20
VID_20181016_134759007.png 1242,499,1544,809,21
VID_20181016_134759004.png 907,306,1114,566,20
VID_20181016_134759004.png 1260,499,1569,825,21
VID_20181016_134759001.png 907,306,1114,566,20
VID_20181016_134759001.png 1260,499,1569,825,21
