VID_20180926_142337442.png 915,457,1233,662,20
VID_20180926_142337441.png 909,466,1227,671,20
VID_20180926_142337437.png 909,466,1227,671,20
VID_20180926_142337436.png 880,476,1198,681,20
VID_20180926_142337435.png 880,476,1198,681,20
VID_20180926_142337431.png 863,484,1181,689,20
VID_20180926_142337430.png 854,478,1172,683,20
VID_20180926_142337429.png 854,478,1172,683,20
VID_20180926_142337425.png 829,471,1148,675,20
VID_20180926_142337424.png 825,458,1143,662,20
VID_20180926_142337423.png 828,452,1146,657,20
VID_20180926_142337419.png 856,381,1174,585,20
VID_20180926_142337418.png 866,372,1184,577,20
VID_20180926_142337417.png 866,372,1184,577,20
VID_20180926_142337413.png 861,385,1166,601,20
VID_20180926_142337412.png 861,385,1166,601,20
VID_20180926_142337411.png 861,385,1166,601,20
VID_20180926_142337407.png 842,414,1148,630,20
VID_20180926_142337406.png 860,430,1165,646,20
VID_20180926_142337405.png 860,430,1165,646,20
VID_20180926_142337401.png 938,475,1243,691,20
VID_20180926_142337400.png 938,475,1243,691,20
VID_20180926_142337399.png 963,482,1268,699,20
VID_20180926_142337395.png 1039,492,1344,709,20
VID_20180926_142337394.png 1052,488,1357,704,20
VID_20180926_142337393.png 1071,488,1357,704,20
VID_20180926_142337389.png 1081,462,1357,678,20
VID_20180926_142337388.png 1069,453,1345,670,20
VID_20180926_142337387.png 1069,453,1345,670,20
VID_20180926_142337383.png 1040,459,1291,675,20
VID_20180926_142337382.png 1040,459,1291,675,20
VID_20180926_142337381.png 1046,465,1297,681,20
VID_20180926_142337377.png 1059,476,1351,719,20
VID_20180926_142337376.png 1082,478,1374,720,20
VID_20180926_142337375.png 1082,478,1374,720,20
VID_20180926_142337371.png 1158,485,1450,728,20
VID_20180926_142337370.png 1177,485,1469,728,20
VID_20180926_142337369.png 1187,479,1479,722,20
VID_20180926_142337365.png 1172,482,1447,702,20
VID_20180926_142337364.png 1172,482,1432,702,20
VID_20180926_142337363.png 1164,482,1424,702,20
VID_20180926_142337359.png 1066,459,1326,678,20
VID_20180926_142337358.png 1036,450,1296,670,20
VID_20180926_142337357.png 1014,449,1274,668,20
VID_20180926_142337353.png 975,427,1164,651,20
VID_20180926_142337352.png 946,427,1134,651,20
VID_20180926_142337351.png 946,427,1118,651,20
VID_20180926_142337347.png 914,417,1076,641,20
VID_20180926_142337346.png 911,413,1073,636,20
VID_20180926_142337345.png 911,413,1073,636,20
VID_20180926_142337341.png 893,410,1056,633,20
VID_20180926_142337340.png 893,410,1056,633,20
VID_20180926_142337339.png 893,410,1056,633,20
VID_20180926_142337335.png 882,421,1044,645,20
VID_20180926_142337334.png 882,421,1044,645,20
VID_20180926_142337333.png 877,420,1040,643,20
VID_20180926_142337329.png 854,426,1017,649,20
VID_20180926_142337328.png 842,429,1005,652,20
VID_20180926_142337327.png 835,427,998,651,20
VID_20180926_142337323.png 796,447,959,671,20
VID_20180926_142337322.png 796,447,959,671,20
VID_20180926_142337321.png 793,468,956,691,20
VID_20180926_142337317.png 729,540,947,755,20
VID_20180926_142337316.png 729,540,947,755,20
VID_20180926_142337315.png 693,575,940,768,20
VID_20180926_142337311.png 614,575,940,831,20
VID_20180926_142337310.png 601,591,927,847,20
VID_20180926_142337309.png 555,584,928,864,20
VID_20180926_142337305.png 417,715,882,998,20
VID_20180926_142337304.png 417,726,882,1010,20
VID_20180926_142337303.png 417,726,882,1010,20
VID_20180926_142337299.png 383,722,903,1063,20
VID_20180926_142337298.png 383,722,903,1063,20
VID_20180926_142337297.png 383,722,903,1063,20
VID_20180926_142337287.png 834,362,1236,677,20
VID_20180926_142337286.png 870,366,1281,664,20
VID_20180926_142337285.png 885,366,1281,643,20
VID_20180926_142337281.png 934,338,1299,613,20
VID_20180926_142337280.png 938,327,1303,601,20
VID_20180926_142337279.png 950,322,1315,597,20
VID_20180926_142337275.png 999,270,1328,545,20
VID_20180926_142337274.png 1040,241,1333,539,20
VID_20180926_142337273.png 1040,241,1333,539,20
VID_20180926_142337269.png 1068,186,1312,484,20
VID_20180926_142337268.png 1068,186,1312,484,20
VID_20180926_142337267.png 1085,192,1329,490,20
VID_20180926_142337263.png 1137,195,1381,492,20
VID_20180926_142337262.png 1137,163,1408,492,20
VID_20180926_142337261.png 1156,153,1426,482,20
VID_20180926_142337257.png 1182,144,1453,474,20
VID_20180926_142337256.png 1182,144,1453,474,20
VID_20180926_142337255.png 1149,144,1508,474,20
VID_20180926_142337251.png 1145,110,1503,440,20
VID_20180926_142337250.png 1145,110,1503,440,20
VID_20180926_142337249.png 1145,110,1503,440,20
VID_20180926_142337245.png 1120,142,1479,472,20
VID_20180926_142337244.png 1120,142,1479,472,20
VID_20180926_142337243.png 1107,202,1466,532,20
VID_20180926_142337239.png 1127,293,1486,623,20
VID_20180926_142337238.png 1139,357,1498,687,20
VID_20180926_142337237.png 1145,392,1503,722,20
VID_20180926_142337233.png 1220,553,1730,821,20
VID_20180926_142337232.png 1264,575,1774,842,20
VID_20180926_142337231.png 1307,593,1817,860,20
VID_20180926_142337227.png 1389,623,1899,890,20
VID_20180926_142337226.png 1389,623,1899,890,20
VID_20180926_142337225.png 1389,623,1899,890,20
VID_20180926_142337221.png 1264,636,1774,903,20
VID_20180926_142337220.png 1123,648,1614,899,20
VID_20180926_142337219.png 1052,657,1543,908,20
VID_20180926_142337215.png 793,591,1247,841,20
VID_20180926_142337214.png 751,570,1205,820,20
VID_20180926_142337213.png 718,552,1172,802,20
VID_20180926_142337209.png 613,498,1067,748,20
VID_20180926_142337208.png 583,489,1037,739,20
VID_20180926_142337207.png 553,465,1007,715,20
VID_20180926_142337203.png 475,433,928,683,20
VID_20180926_142337202.png 466,423,919,673,20
VID_20180926_142337201.png 456,408,909,658,20
VID_20180926_142337197.png 434,391,888,641,20
VID_20180926_142337196.png 434,391,888,641,20
VID_20180926_142337195.png 434,391,888,641,20
VID_20180926_142337191.png 479,379,933,629,20
VID_20180926_142337190.png 504,367,957,617,20
VID_20180926_142337189.png 523,365,976,614,20
VID_20180926_142337185.png 642,365,1095,614,20
VID_20180926_142337184.png 680,353,1133,603,20
VID_20180926_142337183.png 709,344,1162,594,20
VID_20180926_142337179.png 899,322,1288,546,20
VID_20180926_142337178.png 935,328,1324,552,20
VID_20180926_142337177.png 950,331,1339,555,20
VID_20180926_142337173.png 979,391,1351,606,20
VID_20180926_142337172.png 979,391,1351,606,20
VID_20180926_142337171.png 962,391,1351,612,20
VID_20180926_142337167.png 916,398,1246,635,20
VID_20180926_142337166.png 907,395,1237,632,20
VID_20180926_142337165.png 895,398,1225,635,20
VID_20180926_142337161.png 919,374,1249,611,20
VID_20180926_142337160.png 922,359,1252,596,20
VID_20180926_142337159.png 928,356,1258,593,20
VID_20180926_142337155.png 966,334,1296,571,20
VID_20180926_142337154.png 966,334,1296,571,20
VID_20180926_142337153.png 976,337,1306,574,20
VID_20180926_142337149.png 911,338,1209,575,20
VID_20180926_142337148.png 889,354,1187,591,20
VID_20180926_142337147.png 889,354,1187,591,20
VID_20180926_142337143.png 859,382,1114,607,20
VID_20180926_142337142.png 856,382,1111,607,20
VID_20180926_142337141.png 856,382,1111,607,20
VID_20180926_142337137.png 856,405,1059,601,20
VID_20180926_142337136.png 856,405,1020,602,20
VID_20180926_142337135.png 832,405,996,602,20
VID_20180926_142337131.png 817,390,981,587,20
VID_20180926_142337130.png 814,384,978,581,20
VID_20180926_142337129.png 811,372,975,569,20
VID_20180926_142337125.png 788,315,983,537,20
VID_20180926_142337124.png 785,309,980,531,20
VID_20180926_142337123.png 773,294,968,516,20
VID_20180926_142337119.png 752,276,947,498,20
VID_20180926_142337118.png 743,276,938,498,20
VID_20180926_142337117.png 737,282,932,504,20
VID_20180926_142337113.png 719,276,914,498,20
VID_20180926_142337112.png 719,260,969,498,20
VID_20180926_142337111.png 719,288,969,498,20
VID_20180926_142337107.png 718,298,1005,508,20
VID_20180926_142337106.png 718,298,1005,492,20
VID_20180926_142337105.png 718,328,1005,475,20
VID_20180926_142337101.png 667,353,1002,500,20
VID_20180926_142337100.png 664,367,999,514,20
VID_20180926_142337099.png 664,367,999,514,20
VID_20180926_142337095.png 664,328,999,514,20
VID_20180926_142337094.png 683,315,1018,501,20
VID_20180926_142337093.png 663,316,1004,470,20
VID_20180926_142337089.png 624,286,965,440,20
VID_20180926_142337088.png 624,286,965,440,20
VID_20180926_142337087.png 627,289,968,443,20
VID_20180926_142337083.png 642,295,983,449,20
VID_20180926_142337082.png 642,295,983,449,20
VID_20180926_142337081.png 663,295,983,485,20
VID_20180926_142337077.png 702,331,1022,521,20
VID_20180926_142337076.png 711,340,1031,530,20
VID_20180926_142337075.png 729,343,1049,533,20
VID_20180926_142337071.png 763,366,1082,616,20
VID_20180926_142337070.png 780,366,1082,616,20
VID_20180926_142337069.png 796,373,1098,623,20
VID_20180926_142337065.png 872,369,1174,654,20
VID_20180926_142337064.png 880,372,1182,657,20
VID_20180926_142337063.png 909,366,1169,665,20
VID_20180926_142337059.png 951,365,1190,664,20
VID_20180926_142337058.png 969,353,1207,652,20
VID_20180926_142337057.png 985,350,1223,649,20
VID_20180926_142337053.png 962,347,1201,610,20
VID_20180926_142337052.png 922,356,1182,604,20
VID_20180926_142337051.png 922,356,1182,604,20
VID_20180926_142337047.png 905,381,1158,607,20
VID_20180926_142337046.png 905,381,1158,607,20
VID_20180926_142337045.png 879,382,1164,609,20
VID_20180926_142337041.png 909,378,1194,604,20
VID_20180926_142337040.png 928,373,1195,600,20
VID_20180926_142337039.png 941,367,1209,594,20
VID_20180926_142337035.png 951,347,1219,574,20
VID_20180926_142337034.png 930,354,1197,581,20
VID_20180926_142337033.png 898,360,1165,587,20
VID_20180926_142337029.png 883,402,1142,600,20
VID_20180926_142337028.png 876,407,1134,604,20
VID_20180926_142337027.png 886,417,1145,614,20
VID_20180926_142337023.png 921,434,1174,638,20
VID_20180926_142337022.png 921,434,1174,638,20
VID_20180926_142337021.png 924,442,1177,645,20
VID_20180926_142337017.png 914,453,1166,657,20
VID_20180926_142337016.png 901,447,1153,651,20
VID_20180926_142337015.png 889,437,1142,641,20
VID_20180926_142337011.png 793,385,1097,607,20
VID_20180926_142250062.png 962,7,1920,840,20
VID_20180926_142250061.png 915,298,1458,668,20
VID_20180926_142250060.png 863,312,1406,683,20
VID_20180926_142250056.png 800,369,1240,683,20
VID_20180926_142250055.png 781,381,1222,694,20
VID_20180926_142250054.png 803,382,1243,696,20
VID_20180926_142250050.png 835,385,1275,699,20
VID_20180926_142250049.png 851,392,1291,706,20
VID_20180926_142250048.png 860,395,1300,709,20
VID_20180926_142250044.png 899,411,1339,693,20
VID_20180926_142250043.png 927,417,1367,699,20
VID_20180926_142250042.png 946,420,1381,690,20
VID_20180926_142250038.png 949,439,1384,678,20
VID_20180926_142250037.png 949,439,1384,657,20
VID_20180926_142250036.png 946,421,1381,639,20
VID_20180926_142250032.png 893,375,1329,593,20
VID_20180926_142250031.png 892,372,1328,590,20
VID_20180926_142250030.png 877,359,1313,577,20
VID_20180926_142250026.png 943,334,1378,552,20
VID_20180926_142250025.png 956,301,1392,519,20
VID_20180926_142250024.png 956,301,1392,519,20
VID_20180926_142250020.png 1014,276,1450,494,20
VID_20180926_142250019.png 1012,264,1448,482,20
VID_20180926_142250018.png 1012,240,1448,482,20
VID_20180926_142250014.png 1012,240,1448,482,20
VID_20180926_142250013.png 954,245,1390,488,20
VID_20180926_142250012.png 892,240,1328,482,20
VID_20180926_142250008.png 699,225,1184,543,20
VID_20180926_142250007.png 699,225,1184,543,20
VID_20180926_142250006.png 699,225,1184,543,20
VID_20180926_142250002.png 728,286,1213,604,20
VID_20180926_142232385.png 723,449,1146,745,20
VID_20180926_142232384.png 742,415,1165,773,20
VID_20180926_142232383.png 767,430,1190,787,20
VID_20180926_142232379.png 842,440,1265,797,20
VID_20180926_142232378.png 842,440,1265,797,20
VID_20180926_142232377.png 842,440,1265,797,20
VID_20180926_142232373.png 837,389,1259,747,20
VID_20180926_142232372.png 829,373,1252,731,20
VID_20180926_142232371.png 829,373,1216,731,20
VID_20180926_142232367.png 742,305,1129,662,20
VID_20180926_142232366.png 697,269,1084,626,20
VID_20180926_142232365.png 651,244,1037,601,20
VID_20180926_142232361.png 500,137,860,494,20
VID_20180926_142232360.png 478,125,838,482,20
VID_20180926_142232359.png 479,103,840,460,20
VID_20180926_142232355.png 376,96,736,453,20
VID_20180926_142337449.png 945,448,1263,653,20
VID_20180926_142337448.png 945,448,1263,653,20
VID_20180926_142337447.png 933,445,1251,650,20
VID_20180926_142337443.png 915,457,1233,662,20
VID_20180926_142232354.png 357,132,718,490,20
VID_20180926_142232353.png 357,132,718,561,20
VID_20180926_142232349.png 337,222,697,651,20
VID_20180926_142232348.png 346,277,706,706,20
VID_20180926_142232347.png 352,366,712,795,20
VID_20180926_142232343.png 424,568,703,1001,20
VID_20180926_142232329.png 632,302,933,856,20
VID_20180926_142232325.png 825,312,1188,866,20
VID_20180926_142232324.png 885,359,1248,912,20
VID_20180926_142232300.png 1002,277,1294,581,20
VID_20180926_142232299.png 1002,277,1294,581,20
VID_20180926_142232295.png 982,332,1274,636,20
VID_20180926_142232294.png 982,338,1274,642,20
VID_20180926_142232293.png 982,362,1274,665,20
VID_20180926_142232289.png 978,401,1270,704,20
VID_20180926_142232288.png 978,420,1270,723,20
VID_20180926_142232287.png 976,436,1255,729,20
VID_20180926_142232283.png 950,465,1229,758,20
VID_20180926_142232282.png 950,490,1229,783,20
VID_20180926_142232281.png 957,484,1222,781,20
VID_20180926_142232277.png 960,466,1225,764,20
VID_20180926_142232276.png 980,437,1245,735,20
VID_20180926_142232275.png 999,429,1264,726,20
VID_20180926_142232271.png 915,423,1179,720,20
VID_20180926_142232270.png 909,436,1140,720,20
VID_20180926_142232269.png 892,449,1123,734,20
VID_20180926_142232265.png 1010,484,1211,773,20
VID_20180926_142232264.png 1034,455,1236,744,20
VID_20180926_142232263.png 1041,431,1243,720,20
VID_20180926_142232259.png 1062,433,1239,693,20
VID_20180926_142232258.png 1062,433,1239,693,20
VID_20180926_142232257.png 1043,430,1220,690,20
VID_20180926_142232253.png 954,437,1132,697,20
VID_20180926_142232252.png 954,437,1132,697,20
VID_20180926_142232251.png 914,437,1091,697,20
VID_20180926_142232247.png 877,405,1039,652,20
VID_20180926_142232245.png 872,359,1027,639,20
VID_20180926_142232241.png 786,359,956,584,20
VID_20180926_142232240.png 786,359,956,584,20
VID_20180926_142232239.png 786,359,956,584,20
VID_20180926_142232235.png 774,341,944,566,20
VID_20180926_142232234.png 774,341,944,566,20
VID_20180926_142232233.png 774,341,944,566,20
VID_20180926_142232229.png 799,280,969,505,20
VID_20180926_142232228.png 815,269,985,494,20
VID_20180926_142232227.png 827,251,996,476,20
VID_20180926_142232223.png 863,214,1033,439,20
VID_20180926_142232222.png 863,214,1033,439,20
VID_20180926_142232221.png 863,214,1057,439,20
VID_20180926_142232217.png 889,203,1084,429,20
VID_20180926_142232216.png 889,203,1084,429,20
VID_20180926_142232215.png 889,203,1084,429,20
VID_20180926_142232211.png 841,225,1088,484,20
VID_20180926_142232210.png 841,225,1088,484,20
VID_20180926_142232209.png 828,240,1075,498,20
VID_20180926_142232205.png 757,286,1057,553,20
VID_20180926_142232204.png 757,286,1057,553,20
VID_20180926_142232203.png 771,304,1072,571,20
VID_20180926_142232199.png 723,352,1055,607,20
VID_20180926_142232198.png 741,367,1072,623,20
VID_20180926_142232197.png 741,367,1072,623,20
VID_20180926_142232193.png 799,367,1124,569,20
VID_20180926_142232192.png 831,359,1145,540,20
VID_20180926_142232191.png 860,362,1174,543,20
VID_20180926_142232187.png 914,356,1212,537,20
VID_20180926_142232186.png 905,356,1203,537,20
VID_20180926_142232185.png 905,356,1203,537,20
VID_20180926_142232181.png 864,360,1148,571,20
VID_20180926_142232180.png 864,360,1148,571,20
VID_20180926_142232173.png 734,415,1053,671,20
VID_20180926_142232169.png 728,418,989,671,20
VID_20180926_142232168.png 722,410,978,677,20
VID_20180926_142232167.png 719,407,975,674,20
VID_20180926_142232163.png 801,381,1005,619,20
VID_20180926_142232162.png 810,372,1014,610,20
VID_20180926_142232161.png 822,372,1026,610,20
VID_20180926_142232157.png 845,353,1006,577,20
VID_20180926_142232156.png 854,344,1015,568,20
VID_20180926_142232155.png 854,344,1015,568,20
VID_20180926_142232151.png 854,324,996,568,20
VID_20180926_142232150.png 854,324,996,568,20
VID_20180926_142232149.png 854,324,996,568,20
VID_20180926_142232145.png 854,324,1012,568,20
VID_20180926_142232144.png 854,324,1012,568,20
VID_20180926_142232143.png 854,324,1012,568,20
VID_20180926_142232139.png 844,337,1002,581,20
VID_20180926_142232138.png 832,337,1002,581,20
VID_20180926_142232137.png 832,337,1002,581,20
VID_20180926_142232133.png 811,337,1002,601,20
VID_20180926_142232132.png 811,337,1011,601,20
VID_20180926_142232131.png 828,340,1028,604,20
VID_20180926_142232127.png 828,340,1078,604,20
VID_20180926_142232126.png 821,324,1071,588,20
VID_20180926_142232125.png 821,324,1071,588,20
VID_20180926_142232121.png 781,289,1067,554,20
VID_20180926_142232120.png 799,283,1085,548,20
VID_20180926_142232119.png 811,283,1097,548,20
VID_20180926_142232115.png 817,259,1122,508,20
VID_20180926_142232114.png 811,256,1116,505,20
VID_20180926_142232113.png 811,256,1116,505,20
VID_20180926_142232109.png 787,258,1138,509,20
VID_20180926_142232108.png 799,264,1150,515,20
VID_20180926_142232107.png 805,273,1156,524,20
VID_20180926_142232103.png 805,276,1156,527,20
VID_20180926_142232102.png 805,273,1156,524,20
VID_20180926_142232101.png 784,299,1132,528,20
VID_20180926_142232097.png 784,299,1132,528,20
VID_20180926_142232096.png 784,302,1132,531,20
VID_20180926_142232095.png 784,308,1132,537,20
VID_20180926_142232091.png 808,293,1161,540,20
VID_20180926_142232090.png 819,301,1169,528,20
VID_20180926_142232085.png 840,277,1177,482,20
VID_20180926_142232084.png 840,278,1176,467,20
VID_20180926_142232083.png 825,278,1161,467,20
VID_20180926_142232079.png 759,284,1095,473,20
VID_20180926_142232078.png 753,284,1089,473,20
VID_20180926_142232077.png 753,284,1089,473,20
VID_20180926_142232073.png 804,302,1140,491,20
VID_20180926_142232072.png 816,308,1152,497,20
VID_20180926_142232071.png 822,308,1158,497,20
VID_20180926_142232067.png 852,308,1188,497,20
VID_20180926_142232066.png 867,305,1203,494,20
VID_20180926_142232065.png 883,305,1203,494,20
VID_20180926_142232061.png 889,320,1203,494,20
VID_20180926_142232060.png 880,320,1194,494,20
VID_20180926_142232059.png 874,320,1188,494,20
VID_20180926_142215264.png 979,246,1287,468,20
VID_20180926_142215260.png 967,249,1275,471,20
VID_20180926_142215259.png 967,243,1275,465,20
VID_20180926_142215258.png 967,243,1275,465,20
VID_20180926_142215254.png 917,228,1262,432,20
VID_20180926_142215253.png 893,222,1238,426,20
VID_20180926_142215252.png 893,216,1238,420,20
VID_20180926_142215248.png 893,236,1237,420,20
VID_20180926_142215247.png 890,236,1234,420,20
VID_20180926_142215246.png 878,239,1222,423,20
VID_20180926_142215242.png 827,254,1171,438,20
VID_20180926_142215241.png 812,245,1156,429,20
VID_20180926_142215240.png 764,242,1125,416,20
VID_20180926_142215236.png 662,215,1023,389,20
VID_20180926_142215235.png 641,212,1002,386,20
VID_20180926_142215234.png 623,209,955,384,20
VID_20180926_142215230.png 539,191,871,366,20
VID_20180926_142215229.png 542,191,874,366,20
VID_20180926_142215228.png 551,194,883,369,20
VID_20180926_142215224.png 557,173,889,348,20
VID_20180926_142215223.png 569,158,901,333,20
VID_20180926_142215222.png 596,153,911,327,20
VID_20180926_142215218.png 644,141,959,315,20
VID_20180926_142215217.png 656,138,971,312,20
VID_20180926_142215216.png 665,138,980,312,20
VID_20180926_142215212.png 749,183,1044,358,20
VID_20180926_142215211.png 755,189,1050,364,20
VID_20180926_142215210.png 776,198,1071,373,20
VID_20180926_142215206.png 841,246,1121,422,20
VID_20180926_142215205.png 841,267,1121,443,20
VID_20180926_142215204.png 841,291,1121,467,20
VID_20180926_142215200.png 874,333,1154,509,20
VID_20180926_142215199.png 886,345,1166,521,20
VID_20180926_142215198.png 886,372,1166,548,20
VID_20180926_142215194.png 880,456,1160,662,20
VID_20180926_142215193.png 889,471,1169,677,20
VID_20180926_142215192.png 905,471,1170,677,20
VID_20180926_142215188.png 941,504,1206,710,20
VID_20180926_142215187.png 965,519,1230,725,20
VID_20180926_142215186.png 989,535,1255,758,20
VID_20180926_142215182.png 1010,502,1276,725,20
VID_20180926_142215181.png 1010,484,1276,707,20
VID_20180926_142215180.png 1031,484,1297,707,20
VID_20180926_142215176.png 1007,499,1273,751,20
VID_20180926_142215175.png 995,505,1261,757,20
VID_20180926_142215174.png 989,511,1255,763,20
VID_20180926_142215170.png 932,485,1158,736,20
VID_20180926_142215169.png 920,494,1146,745,20
VID_20180926_142215168.png 911,500,1137,751,20
VID_20180926_142215164.png 896,512,1122,763,20
VID_20180926_142215163.png 887,512,1113,763,20
VID_20180926_142215162.png 872,506,1098,757,20
VID_20180926_142215158.png 833,470,1059,721,20
VID_20180926_142215157.png 827,461,1053,712,20
VID_20180926_142215156.png 818,449,1044,700,20
VID_20180926_142215152.png 785,404,1011,655,20
VID_20180926_142215151.png 773,386,999,637,20
VID_20180926_142215150.png 770,368,996,619,20
VID_20180926_142215146.png 770,359,996,610,20
VID_20180926_142215145.png 770,371,996,622,20
VID_20180926_142215144.png 770,386,996,637,20
VID_20180926_142215140.png 770,440,996,691,20
VID_20180926_142215139.png 764,434,990,685,20
VID_20180926_142215138.png 770,425,996,676,20
VID_20180926_142215134.png 770,407,996,658,20
VID_20180926_142215133.png 770,407,1021,658,20
VID_20180926_142215132.png 770,407,1021,658,20
VID_20180926_142307158.png 957,399,1272,574,20
VID_20180926_142307154.png 1008,575,1323,786,20
VID_20180926_142307153.png 986,617,1301,828,20
VID_20180926_142307152.png 986,617,1301,828,20
VID_20180926_142307148.png 888,548,1203,789,20
VID_20180926_142307147.png 869,496,1184,775,20
VID_20180926_142307146.png 845,475,1160,754,20
VID_20180926_142307142.png 824,409,1139,688,20
VID_20180926_142307141.png 830,397,1145,676,20
VID_20180926_142307140.png 830,385,1145,664,20
VID_20180926_142307136.png 824,340,1139,619,20
VID_20180926_142307135.png 812,334,1127,613,20
VID_20180926_142307134.png 806,331,1121,610,20
VID_20180926_142307130.png 797,319,1112,598,20
VID_20180926_142307129.png 797,316,1112,595,20
VID_20180926_142307128.png 797,310,1112,589,20
VID_20180926_142307124.png 809,295,1124,574,20
VID_20180926_142307123.png 821,295,1136,574,20
VID_20180926_142307122.png 821,295,1136,558,20
VID_20180926_142307118.png 839,268,1154,531,20
VID_20180926_142307117.png 839,262,1154,525,20
VID_20180926_142307116.png 827,250,1142,513,20
VID_20180926_142307112.png 768,228,1084,491,20
VID_20180926_142307111.png 768,215,1073,478,20
VID_20180926_142307110.png 752,212,1037,475,20
VID_20180926_142307106.png 693,199,979,440,20
VID_20180926_142307105.png 693,199,979,440,20
VID_20180926_142307104.png 693,199,979,440,20
VID_20180926_142307100.png 720,216,996,436,20
VID_20180926_142307099.png 723,222,999,442,20
VID_20180926_142307098.png 732,231,978,436,20
VID_20180926_142307094.png 699,266,943,453,20
VID_20180926_142307093.png 698,286,942,453,20
VID_20180926_142307092.png 695,295,939,462,20
VID_20180926_142307088.png 650,316,894,483,20
VID_20180926_142307087.png 650,322,894,489,20
VID_20180926_142307086.png 656,325,900,492,20
VID_20180926_142307082.png 731,337,975,504,20
VID_20180926_142307081.png 764,340,1008,507,20
VID_20180926_142307080.png 773,340,1017,507,20
VID_20180926_142307076.png 851,349,1095,516,20
VID_20180926_142307075.png 857,349,1101,516,20
VID_20180926_142307074.png 857,349,1101,516,20
VID_20180926_142307070.png 798,322,1101,515,20
VID_20180926_142307069.png 798,319,1101,512,20
VID_20180926_142307068.png 804,319,1107,512,20
VID_20180926_142307064.png 819,319,1122,512,20
VID_20180926_142307063.png 834,316,1137,509,20
VID_20180926_142307062.png 849,313,1152,506,20
VID_20180926_142307058.png 861,304,1164,497,20
VID_20180926_142307057.png 846,301,1149,494,20
VID_20180926_142307056.png 831,298,1134,491,20
VID_20180926_142307052.png 782,298,1134,491,20
VID_20180926_142307051.png 785,301,1137,494,20
VID_20180926_142307050.png 800,301,1152,494,20
VID_20180926_142307046.png 851,289,1239,527,20
VID_20180926_142307045.png 857,295,1245,533,20
VID_20180926_142307044.png 866,301,1254,539,20
VID_20180926_142307040.png 905,303,1293,579,20
VID_20180926_142307039.png 905,309,1293,585,20
VID_20180926_142307038.png 908,315,1296,591,20
VID_20180926_142307034.png 899,321,1287,597,20
VID_20180926_142307033.png 902,321,1290,597,20
VID_20180926_142307032.png 905,321,1293,597,20
VID_20180926_142307028.png 917,321,1305,597,20
VID_20180926_142307027.png 920,321,1308,597,20
VID_20180926_142307026.png 926,321,1314,597,20
VID_20180926_142307022.png 941,324,1329,600,20
VID_20180926_142307021.png 941,324,1329,600,20
VID_20180926_142307020.png 941,324,1329,600,20
VID_20180926_142307016.png 929,347,1286,584,20
VID_20180926_142307015.png 929,341,1286,578,20
VID_20180926_142307014.png 914,338,1271,575,20
VID_20180926_142307010.png 889,352,1209,562,20
VID_20180926_142307009.png 889,352,1209,562,20
VID_20180926_142307008.png 872,352,1191,562,20
VID_20180926_142307004.png 842,362,1149,555,20
VID_20180926_142307003.png 842,362,1149,555,20
VID_20180926_142307002.png 842,362,1149,555,20
VID_20180926_142250320.png 880,495,1088,790,20
VID_20180926_142250319.png 880,492,1088,787,20
VID_20180926_142250318.png 883,489,1091,784,20
VID_20180926_142250314.png 886,459,1094,754,20
VID_20180926_142250313.png 889,453,1097,748,20
VID_20180926_142250312.png 910,453,1117,729,20
VID_20180926_142250308.png 925,420,1132,696,20
VID_20180926_142250307.png 902,414,1153,690,20
VID_20180926_142250306.png 902,402,1153,678,20
VID_20180926_142250302.png 914,375,1165,651,20
VID_20180926_142250301.png 908,363,1159,639,20
VID_20180926_142250300.png 908,354,1159,630,20
VID_20180926_142250296.png 887,327,1138,603,20
VID_20180926_142250295.png 878,327,1129,603,20
VID_20180926_142250294.png 869,327,1120,603,20
VID_20180926_142250290.png 813,298,1098,610,20
VID_20180926_142250289.png 793,305,1078,617,20
VID_20180926_142250288.png 776,304,1060,616,20
VID_20180926_142250284.png 733,303,1060,616,20
VID_20180926_142250283.png 733,303,1060,616,20
VID_20180926_142250282.png 733,303,1060,616,20
VID_20180926_142250278.png 751,306,1078,619,20
VID_20180926_142250277.png 751,306,1078,619,20
VID_20180926_142250276.png 751,253,1117,619,20
VID_20180926_142250272.png 784,219,1150,585,20
VID_20180926_142250271.png 784,219,1150,585,20
VID_20180926_142250270.png 784,219,1150,585,20
VID_20180926_142250266.png 824,188,1189,554,20
VID_20180926_142250265.png 824,188,1189,554,20
VID_20180926_142250264.png 836,179,1201,545,20
VID_20180926_142250260.png 851,197,1216,563,20
VID_20180926_142250259.png 851,206,1216,572,20
VID_20180926_142250258.png 851,212,1216,578,20
VID_20180926_142250254.png 851,212,1216,578,20
VID_20180926_142250253.png 872,196,1227,564,20
VID_20180926_142250252.png 872,187,1227,555,20
VID_20180926_142250248.png 920,164,1243,493,20
VID_20180926_142250247.png 926,155,1249,484,20
VID_20180926_142250246.png 935,155,1258,484,20
VID_20180926_142250242.png 974,156,1273,483,20
VID_20180926_142250241.png 962,168,1261,495,20
VID_20180926_142250240.png 959,168,1258,495,20
VID_20180926_142250236.png 938,222,1175,524,20
VID_20180926_142250235.png 923,231,1160,533,20
VID_20180926_142250234.png 911,231,1148,533,20
VID_20180926_142250230.png 867,276,1057,542,20
VID_20180926_142250229.png 867,292,1043,542,20
VID_20180926_142250228.png 867,292,1043,542,20
VID_20180926_142250224.png 908,304,1043,548,20
VID_20180926_142250223.png 908,304,1033,548,20
VID_20180926_142250222.png 897,330,1015,534,20
VID_20180926_142250218.png 897,330,1015,534,20
VID_20180926_142250217.png 915,333,1033,537,20
VID_20180926_142250216.png 915,333,1033,537,20
VID_20180926_142250212.png 885,342,1029,530,20
VID_20180926_142250211.png 882,342,1026,530,20
VID_20180926_142250210.png 882,342,1026,530,20
VID_20180926_142250206.png 948,354,1092,542,20
VID_20180926_142250205.png 969,360,1113,548,20
VID_20180926_142250204.png 969,360,1136,548,20
VID_20180926_142250200.png 900,360,1067,548,20
VID_20180926_142250199.png 873,357,1040,545,20
VID_20180926_142250198.png 873,357,1040,545,20
VID_20180926_142250194.png 789,334,992,520,20
VID_20180926_142250193.png 768,334,971,520,20
VID_20180926_142250192.png 768,328,971,514,20
VID_20180926_142250188.png 834,319,1037,505,20
VID_20180926_142250187.png 840,313,1043,499,20
VID_20180926_142250186.png 846,310,1049,496,20
VID_20180926_142250182.png 843,310,1046,496,20
VID_20180926_142250181.png 858,307,1061,493,20
VID_20180926_142250180.png 870,304,1073,490,20
VID_20180926_142250176.png 836,295,1085,453,20
VID_20180926_142250175.png 836,295,1085,453,20
VID_20180926_142250174.png 830,301,1079,459,20
VID_20180926_142250170.png 830,340,1079,498,20
VID_20180926_142250169.png 833,346,1082,504,20
VID_20180926_142250168.png 851,364,1100,522,20
VID_20180926_142250164.png 917,436,1166,594,20
VID_20180926_142250163.png 935,445,1184,603,20
VID_20180926_142250162.png 950,457,1199,615,20
VID_20180926_142250158.png 1013,487,1262,645,20
VID_20180926_142250157.png 995,487,1244,645,20
VID_20180926_142250156.png 980,487,1229,645,20
VID_20180926_142250152.png 948,486,1185,645,20
VID_20180926_142250151.png 936,486,1173,645,20
VID_20180926_142250150.png 924,486,1161,645,20
VID_20180926_142250146.png 924,489,1161,648,20
VID_20180926_142250145.png 912,489,1149,648,20
VID_20180926_142250144.png 897,489,1134,648,20
VID_20180926_142250140.png 837,483,1074,642,20
VID_20180926_142250139.png 831,477,1068,636,20
VID_20180926_142250138.png 819,477,1056,636,20
VID_20180926_142250134.png 795,471,1032,630,20
VID_20180926_142250133.png 786,471,1023,630,20
VID_20180926_142250132.png 777,471,1014,630,20
VID_20180926_142250128.png 777,471,1014,630,20
VID_20180926_142250127.png 777,471,1014,630,20
VID_20180926_142250126.png 777,471,1014,630,20
VID_20180926_142250122.png 777,471,1014,630,20
VID_20180926_142250121.png 777,471,1014,630,20
VID_20180926_142250120.png 777,471,1014,630,20
VID_20180926_142250116.png 777,474,1014,633,20
VID_20180926_142250115.png 777,474,1014,633,20
VID_20180926_142250114.png 777,480,1014,639,20
VID_20180926_142250110.png 783,492,1020,651,20
VID_20180926_142215128.png 803,400,1054,638,20
VID_20180926_142215127.png 815,397,1066,635,20
VID_20180926_142215126.png 815,397,1089,635,20
VID_20180926_142215122.png 860,397,1134,635,20
VID_20180926_142215121.png 869,397,1143,635,20
VID_20180926_142215120.png 869,397,1143,635,20
VID_20180926_142215116.png 899,390,1166,609,20
VID_20180926_142215115.png 899,387,1166,606,20
VID_20180926_142215114.png 884,381,1151,600,20
VID_20180926_142215110.png 830,372,1097,591,20
VID_20180926_142215109.png 827,369,1094,588,20
VID_20180926_142215108.png 827,369,1094,588,20
VID_20180926_142215104.png 779,369,1090,553,20
VID_20180926_142215103.png 773,369,1084,553,20
VID_20180926_142215102.png 767,372,1078,556,20
VID_20180926_142215098.png 740,354,1051,538,20
VID_20180926_142215097.png 722,342,1033,526,20
VID_20180926_142215096.png 719,333,1030,517,20
VID_20180926_142215092.png 761,318,1072,502,20
VID_20180926_142215091.png 770,318,1081,502,20
VID_20180926_142215090.png 782,324,1093,508,20
VID_20180926_142215086.png 770,336,1081,520,20
VID_20180926_142215085.png 764,339,1075,523,20
VID_20180926_142215084.png 758,345,1069,529,20
VID_20180926_142215080.png 701,369,1012,553,20
VID_20180926_142215079.png 689,372,1000,556,20
VID_20180926_142215078.png 683,372,994,556,20
VID_20180926_142215074.png 689,354,1010,588,20
VID_20180926_142215073.png 689,354,1010,588,20
VID_20180926_142215072.png 689,354,1010,588,20
VID_20180926_142215068.png 769,333,1061,568,20
VID_20180926_142215067.png 781,321,1073,556,20
VID_20180926_142215066.png 781,300,1073,556,20
VID_20180926_142215062.png 769,288,1061,544,20
VID_20180926_142215061.png 769,288,1061,544,20
VID_20180926_142215060.png 760,291,1052,547,20
VID_20180926_142215056.png 730,306,1022,562,20
VID_20180926_142215055.png 715,306,1007,562,20
VID_20180926_142215054.png 709,306,1001,562,20
VID_20180926_142215050.png 758,301,1024,573,20
VID_20180926_142215049.png 761,289,1027,561,20
VID_20180926_142215048.png 761,289,1027,561,20
VID_20180926_142215044.png 797,293,1031,565,20
VID_20180926_142215043.png 811,286,1044,558,20
VID_20180926_142215042.png 840,288,1045,556,20
VID_20180926_142215038.png 882,288,1087,556,20
VID_20180926_142215037.png 882,288,1087,556,20
VID_20180926_142215036.png 892,285,1095,552,20
VID_20180926_142215032.png 907,284,1127,540,20
VID_20180926_142215031.png 907,284,1127,540,20
VID_20180926_142215030.png 919,284,1139,540,20
VID_20180926_142215026.png 943,287,1163,543,20
VID_20180926_142215025.png 946,290,1166,546,20
VID_20180926_142215024.png 946,293,1166,549,20
VID_20180926_142215020.png 946,296,1166,552,20
VID_20180926_142215019.png 943,302,1163,558,20
VID_20180926_142215018.png 943,305,1163,561,20
VID_20180926_142215014.png 931,323,1151,579,20
VID_20180926_142215013.png 931,323,1151,579,20
VID_20180926_142215012.png 928,326,1148,582,20
VID_20180926_142215008.png 928,344,1148,600,20
VID_20180926_142215007.png 928,344,1148,600,20
VID_20180926_142215006.png 928,344,1148,600,20
VID_20180926_142215002.png 906,360,1132,622,20
VID_20180926_142215001.png 906,360,1164,622,20
VID_20180926_142215000.png 906,360,1164,622,20
VID_20180926_142155380.png 813,221,1276,657,20
VID_20180926_142155379.png 819,215,1282,651,20
VID_20180926_142155378.png 828,206,1291,642,20
VID_20180926_142155374.png 828,194,1291,630,20
VID_20180926_142155373.png 828,188,1291,624,20
VID_20180926_142155372.png 831,176,1294,612,20
VID_20180926_142155368.png 822,216,1249,599,20
VID_20180926_142155367.png 804,228,1231,611,20
VID_20180926_142155366.png 789,234,1216,617,20
VID_20180926_142155362.png 789,264,1152,617,20
VID_20180926_142155361.png 770,256,1133,609,20
VID_20180926_142155360.png 770,256,1118,596,20
VID_20180926_142155356.png 770,198,1089,511,20
VID_20180926_142155355.png 776,197,1089,487,20
VID_20180926_142155354.png 776,182,1089,472,20
VID_20180926_142155350.png 811,166,1101,447,20
VID_20180926_142155349.png 811,166,1101,431,20
VID_20180926_142155348.png 811,166,1089,423,20
VID_20180926_142155344.png 831,187,1089,422,20
VID_20180926_142155343.png 831,196,1089,431,20
VID_20180926_142155342.png 831,198,1089,443,20
VID_20180926_142155338.png 818,273,1041,476,20
VID_20180926_142155338.png 813,267,1057,476,20
VID_20180926_142155337.png 805,285,1028,488,20
VID_20180926_142155336.png 804,299,1028,488,20
VID_20180926_142155332.png 819,356,1043,545,20
VID_20180926_142155331.png 819,356,1043,545,20
VID_20180926_142155330.png 838,367,1062,556,20
VID_20180926_142155326.png 883,395,1132,601,20
VID_20180926_142155325.png 885,421,1133,628,20
VID_20180926_142155324.png 905,450,1153,657,20
VID_20180926_142155320.png 911,491,1159,697,20
VID_20180926_142155319.png 919,479,1164,710,20
VID_20180926_142155318.png 919,479,1164,710,20
VID_20180926_142155314.png 946,479,1217,710,20
VID_20180926_142155313.png 945,479,1243,710,20
VID_20180926_142155312.png 945,479,1243,710,20
VID_20180926_142155308.png 981,476,1279,707,20
VID_20180926_142155307.png 996,476,1294,707,20
VID_20180926_142155306.png 996,476,1331,707,20
VID_20180926_142155302.png 1011,458,1345,689,20
VID_20180926_142155301.png 995,455,1329,686,20
VID_20180926_142155300.png 995,455,1316,686,20
VID_20180926_142155296.png 996,436,1377,655,20
VID_20180926_142155295.png 996,436,1377,655,20
VID_20180926_142155294.png 999,417,1380,636,20
VID_20180926_142155290.png 918,381,1299,600,20
VID_20180926_142155289.png 898,365,1278,607,20
VID_20180926_142155288.png 882,352,1262,594,20
VID_20180926_142155284.png 825,352,1251,594,20
VID_20180926_142155283.png 800,346,1226,588,20
VID_20180926_142155282.png 800,346,1226,616,20
VID_20180926_142155278.png 795,375,1220,645,20
VID_20180926_142155277.png 806,376,1232,646,20
VID_20180926_142155276.png 821,394,1246,664,20
VID_20180926_142155272.png 829,435,1256,765,20
VID_20180926_142155271.png 832,450,1259,780,20
VID_20180926_142155270.png 838,453,1265,783,20
VID_20180926_142155266.png 884,459,1271,822,20
VID_20180926_142155265.png 893,459,1280,822,20
VID_20180926_142155264.png 893,459,1280,822,20
VID_20180926_142155260.png 853,446,1198,840,20
VID_20180926_142155259.png 853,446,1172,840,20
VID_20180926_142155258.png 835,439,1155,832,20
VID_20180926_142155254.png 790,450,1110,844,20
VID_20180926_142155253.png 764,469,1084,863,20
VID_20180926_142155252.png 764,488,1084,863,20
VID_20180926_142155248.png 800,505,1088,965,20
VID_20180926_142155247.png 800,505,1088,965,20
VID_20180926_142155246.png 800,505,1088,965,20
VID_20180926_142155242.png 813,503,1101,962,20
VID_20180926_142155241.png 827,494,1114,953,20
VID_20180926_142155240.png 844,479,1132,938,20
VID_20180926_142155236.png 909,379,1165,838,20
VID_20180926_142155235.png 919,359,1175,818,20
VID_20180926_142155234.png 919,324,1175,818,20
VID_20180926_142155230.png 831,299,1149,840,20
VID_20180926_142155229.png 831,299,1149,840,20
VID_20180926_142155228.png 831,269,1182,840,20
VID_20180926_142155224.png 831,269,1328,840,20
VID_20180926_142155223.png 831,269,1328,840,20
VID_20180926_142155222.png 831,269,1370,840,20
VID_20180926_142155218.png 854,224,1393,795,20
VID_20180926_142155217.png 824,209,1425,780,20
VID_20180926_142155216.png 847,196,1448,767,20
VID_20180926_142155212.png 824,121,1425,691,20
VID_20180926_142155211.png 824,99,1409,670,20
VID_20180926_142155210.png 824,99,1409,649,20
VID_20180926_142155206.png 850,118,1435,623,20
VID_20180926_142155205.png 850,118,1435,623,20
VID_20180926_142155204.png 864,125,1450,619,20
VID_20180926_142155200.png 885,173,1470,649,20
VID_20180926_142155199.png 909,193,1477,657,20
VID_20180926_142155198.png 934,214,1485,659,20
VID_20180926_142155194.png 934,214,1463,636,20
VID_20180926_142155193.png 925,215,1454,638,20
VID_20180926_142155192.png 925,215,1454,638,20
VID_20180926_142155188.png 946,257,1421,632,20
VID_20180926_142155187.png 946,257,1409,632,20
VID_20180926_142155186.png 946,257,1409,632,20
VID_20180926_142155182.png 969,273,1371,591,20
VID_20180926_142155181.png 969,273,1371,591,20
VID_20180926_142155180.png 978,266,1380,584,20
VID_20180926_142155176.png 995,228,1360,519,20
VID_20180926_142155175.png 979,206,1344,497,20
VID_20180926_142155174.png 965,192,1329,482,20
VID_20180926_142155170.png 935,163,1249,417,20
VID_20180926_142155169.png 935,163,1249,417,20
VID_20180926_142155168.png 935,163,1249,417,20
VID_20180926_142155164.png 956,190,1239,444,20
VID_20180926_142155163.png 957,215,1240,469,20
VID_20180926_142155162.png 957,215,1229,469,20
VID_20180926_142155158.png 957,288,1229,542,20
VID_20180926_142155157.png 946,315,1217,569,20
VID_20180926_142155156.png 928,325,1200,580,20
VID_20180926_142155152.png 876,328,1148,604,20
VID_20180926_142155151.png 863,314,1134,590,20
VID_20180926_142155150.png 838,318,1110,594,20
VID_20180926_142155146.png 744,304,1015,580,20
VID_20180926_142155145.png 719,299,973,559,20
VID_20180926_142155144.png 719,299,973,559,20
VID_20180926_142155140.png 712,318,938,574,20
VID_20180926_142155139.png 723,327,935,575,20
VID_20180926_142155138.png 723,327,935,575,20
VID_20180926_142155134.png 683,308,851,524,20
VID_20180926_142155133.png 677,289,845,505,20
VID_20180926_142155132.png 664,276,832,492,20
VID_20180926_142155128.png 619,201,772,404,20
VID_20180926_142155127.png 613,192,766,395,20
VID_20180926_142155126.png 631,198,766,395,20
VID_20180926_142155122.png 688,228,823,425,20
VID_20180926_142155121.png 709,240,844,437,20
VID_20180926_142155120.png 726,245,861,443,20
VID_20180926_142155116.png 750,272,885,487,20
VID_20180926_142155115.png 750,272,885,487,20
VID_20180926_142155114.png 750,272,885,487,20
VID_20180926_142155110.png 719,252,916,466,20
VID_20180926_142155109.png 713,246,910,460,20
VID_20180926_142155108.png 713,246,910,460,20
VID_20180926_142155104.png 698,240,895,454,20
VID_20180926_142155103.png 689,243,886,457,20
VID_20180926_142155102.png 689,252,886,466,20
VID_20180926_142155098.png 686,252,883,466,20
VID_20180926_142155097.png 680,243,877,457,20
VID_20180926_142155096.png 677,234,874,448,20
VID_20180926_142155092.png 677,234,874,448,20
VID_20180926_142155091.png 677,237,874,451,20
VID_20180926_142155090.png 677,240,874,454,20
VID_20180926_142155086.png 677,261,874,475,20
VID_20180926_142155085.png 663,262,885,500,20
VID_20180926_142155084.png 663,265,885,503,20
VID_20180926_142337010.png 794,373,1110,608,20
VID_20180926_142337009.png 794,367,1110,602,20
VID_20180926_142337005.png 791,346,1107,581,20
VID_20180926_142337004.png 779,334,1095,569,20
VID_20180926_142337003.png 779,334,1095,569,20
VID_20180926_142307268.png 639,239,1201,582,20
VID_20180926_142307267.png 636,239,1198,582,20
VID_20180926_142307266.png 642,239,1204,582,20
VID_20180926_142307262.png 660,230,1222,573,20
VID_20180926_142307261.png 666,230,1228,573,20
VID_20180926_142307260.png 660,230,1222,573,20
VID_20180926_142307256.png 642,251,1204,594,20
VID_20180926_142307255.png 627,269,1189,612,20
VID_20180926_142307254.png 609,296,1171,639,20
VID_20180926_142307250.png 606,336,1148,678,20
VID_20180926_142307249.png 618,342,1160,684,20
VID_20180926_142307248.png 633,342,1175,684,20
VID_20180926_142307244.png 714,321,1256,663,20
VID_20180926_142307243.png 723,315,1265,657,20
VID_20180926_142307242.png 741,306,1283,648,20
VID_20180926_142307238.png 777,269,1265,600,20
VID_20180926_142307237.png 765,251,1253,582,20
VID_20180926_142307236.png 741,251,1229,582,20
VID_20180926_142307232.png 669,267,1096,551,20
VID_20180926_142307231.png 657,267,1084,551,20
VID_20180926_142307230.png 657,267,1065,551,20
VID_20180926_142307226.png 712,295,1091,571,20
VID_20180926_142307225.png 742,305,1097,581,20
VID_20180926_142307224.png 757,306,1111,582,20
VID_20180926_142307220.png 876,341,1201,598,20
VID_20180926_142307219.png 909,359,1235,616,20
VID_20180926_142307218.png 942,359,1234,616,20
VID_20180926_142307214.png 996,311,1288,568,20
VID_20180926_142307213.png 996,299,1288,556,20
VID_20180926_142307212.png 996,299,1288,556,20
VID_20180926_142307208.png 1040,315,1310,562,20
VID_20180926_142307207.png 1049,328,1310,562,20
VID_20180926_142307206.png 1060,328,1314,601,20
VID_20180926_142307202.png 1084,331,1338,604,20
VID_20180926_142307201.png 1091,336,1345,609,20
VID_20180926_142307200.png 1107,360,1361,633,20
VID_20180926_142307196.png 1124,429,1378,702,20
VID_20180926_142307195.png 1124,429,1378,702,20
VID_20180926_142307194.png 1124,443,1378,716,20
VID_20180926_142307190.png 1073,423,1328,696,20
VID_20180926_142307189.png 1056,433,1310,706,20
VID_20180926_142307188.png 1027,417,1281,690,20
VID_20180926_142307184.png 904,330,1145,570,20
VID_20180926_142307183.png 886,315,1127,555,20
VID_20180926_142307182.png 877,306,1118,546,20
VID_20180926_142307178.png 820,267,1061,488,20
VID_20180926_142307177.png 808,267,1049,488,20
VID_20180926_142307176.png 808,270,1049,480,20
VID_20180926_142307172.png 838,273,1079,483,20
VID_20180926_142307171.png 856,282,1097,492,20
VID_20180926_142307170.png 877,282,1118,492,20
VID_20180926_142307166.png 877,309,1193,508,20
VID_20180926_142307165.png 877,309,1193,508,20
VID_20180926_142307164.png 893,320,1209,519,20
VID_20180926_142307160.png 938,365,1254,564,20
VID_20180926_142307159.png 938,389,1254,564,20
VID_20180926_142232055.png 905,328,1188,494,20
VID_20180926_142232054.png 905,328,1182,494,20
VID_20180926_142232053.png 905,329,1170,494,20
VID_20180926_142232049.png 917,329,1182,494,20
VID_20180926_142232048.png 902,326,1167,491,20
VID_20180926_142232047.png 890,320,1155,485,20
VID_20180926_142232043.png 891,319,1118,485,20
VID_20180926_142232042.png 882,319,1109,485,20
VID_20180926_142232041.png 864,322,1091,488,20
VID_20180926_142232037.png 810,334,1037,500,20
VID_20180926_142232036.png 807,337,1034,503,20
VID_20180926_142232035.png 810,340,1037,506,20
VID_20180926_142232031.png 843,340,1070,506,20
VID_20180926_142232030.png 852,340,1079,506,20
VID_20180926_142232029.png 864,334,1091,500,20
VID_20180926_142232025.png 864,280,1123,479,20
VID_20180926_142232024.png 864,274,1123,473,20
VID_20180926_142232023.png 864,274,1123,473,20
VID_20180926_142232019.png 867,220,1126,419,20
VID_20180926_142232018.png 873,202,1132,401,20
VID_20180926_142232017.png 879,196,1138,395,20
VID_20180926_142232013.png 903,184,1162,383,20
VID_20180926_142232012.png 909,187,1168,386,20
VID_20180926_142232011.png 909,187,1168,386,20
VID_20180926_142232007.png 909,228,1153,420,20
VID_20180926_142232006.png 909,237,1153,429,20
VID_20180926_142232005.png 912,240,1145,432,20
VID_20180926_142232001.png 912,270,1145,462,20
VID_20180926_142232000.png 909,276,1142,468,20
VID_20180926_142215360.png 569,266,1054,580,20
VID_20180926_142215356.png 563,266,1048,580,20
VID_20180926_142215355.png 563,266,1048,580,20
VID_20180926_142215354.png 566,266,1051,580,20
VID_20180926_142215350.png 593,263,1078,577,20
VID_20180926_142215349.png 596,263,1081,577,20
VID_20180926_142215348.png 596,263,1081,577,20
VID_20180926_142215344.png 595,263,1116,630,20
VID_20180926_142215343.png 589,257,1110,624,20
VID_20180926_142215342.png 601,257,1122,624,20
VID_20180926_142215338.png 625,269,1146,636,20
VID_20180926_142215337.png 625,268,1191,679,20
VID_20180926_142215336.png 628,271,1194,682,20
VID_20180926_142215332.png 718,349,1284,760,20
VID_20180926_142215331.png 755,375,1275,787,20
VID_20180926_142215330.png 777,386,1297,799,20
VID_20180926_142215326.png 876,455,1357,867,20
VID_20180926_142215325.png 903,475,1367,867,20
VID_20180926_142215324.png 903,475,1367,867,20
VID_20180926_142215320.png 953,475,1367,867,20
VID_20180926_142215319.png 960,462,1374,854,20
VID_20180926_142215318.png 983,469,1374,835,20
VID_20180926_142215314.png 1091,421,1422,787,20
VID_20180926_142215313.png 1121,406,1452,772,20
VID_20180926_142215312.png 1136,385,1467,751,20
VID_20180926_142215308.png 1220,368,1484,685,20
VID_20180926_142215307.png 1223,350,1487,667,20
VID_20180926_142215306.png 1226,344,1490,661,20
VID_20180926_142215302.png 1172,369,1375,661,20
VID_20180926_142215301.png 1151,369,1354,661,20
VID_20180926_142215300.png 1148,369,1351,661,20
VID_20180926_142215296.png 1166,369,1369,661,20
VID_20180926_142215295.png 1178,366,1381,658,20
VID_20180926_142215294.png 1184,366,1387,658,20
VID_20180926_142215290.png 1187,339,1390,631,20
VID_20180926_142215289.png 1181,333,1384,625,20
VID_20180926_142215288.png 1164,329,1411,610,20
VID_20180926_142215284.png 1134,275,1381,556,20
VID_20180926_142215283.png 1119,263,1366,544,20
VID_20180926_142215282.png 1107,251,1354,532,20
VID_20180926_142215278.png 1056,215,1303,496,20
VID_20180926_142215277.png 1050,200,1297,481,20
VID_20180926_142215276.png 1029,204,1303,465,20
VID_20180926_142215272.png 1005,195,1279,456,20
VID_20180926_142215271.png 996,192,1270,453,20
VID_20180926_142215270.png 961,189,1269,438,20
VID_20180926_142215266.png 961,210,1269,459,20
VID_20180926_142215265.png 967,219,1275,468,20
VID_20180926_142155080.png 663,319,885,557,20
VID_20180926_142155079.png 657,328,879,566,20
VID_20180926_142155078.png 657,349,879,587,20
VID_20180926_142155074.png 606,382,857,677,20
VID_20180926_142155073.png 606,382,857,677,20
VID_20180926_142155072.png 597,382,869,710,20
VID_20180926_142155068.png 597,385,869,713,20
VID_20180926_142155067.png 597,388,891,752,20
VID_20180926_142155066.png 609,397,903,761,20
VID_20180926_142155062.png 663,436,957,800,20
VID_20180926_142155061.png 678,451,972,815,20
VID_20180926_142155060.png 684,475,978,839,20
VID_20180926_142155056.png 732,553,1026,917,20
VID_20180926_142155055.png 732,577,1058,940,20
VID_20180926_142155054.png 732,589,1058,952,20
VID_20180926_142155050.png 753,616,1079,979,20
VID_20180926_142155049.png 753,616,1079,979,20
VID_20180926_142155048.png 753,616,1079,979,20
VID_20180926_142155044.png 792,604,1118,967,20
VID_20180926_142155043.png 795,622,1121,985,20
VID_20180926_142155042.png 795,622,1121,985,20
VID_20180926_142155038.png 753,682,1133,1045,20
VID_20180926_142155037.png 753,691,1133,1054,20
VID_20180926_142155036.png 744,694,1124,1057,20
VID_20180926_142155032.png 680,686,1088,1048,20
VID_20180926_142155031.png 680,677,1088,1039,20
VID_20180926_142155030.png 686,659,1094,1021,20
VID_20180926_142155026.png 629,619,1088,970,20
VID_20180926_142155025.png 629,619,1088,970,20
VID_20180926_142155024.png 629,619,1088,970,20
VID_20180926_142155020.png 629,586,1088,937,20
VID_20180926_142155019.png 629,568,1088,919,20
VID_20180926_142155018.png 641,542,1100,893,20
VID_20180926_142155014.png 646,465,1084,771,20
VID_20180926_142155013.png 659,443,1085,735,20
VID_20180926_142155012.png 671,414,1097,706,20
VID_20180926_142155008.png 671,379,1078,646,20
VID_20180926_142155007.png 685,383,1071,625,20
VID_20180926_142155006.png 685,383,1071,625,20
VID_20180926_142155002.png 691,359,1077,601,20
VID_20180926_142155001.png 691,359,1077,601,20
VID_20180926_142155000.png 688,359,1074,601,20
