frame4924.png 634,173,652,193,1
frame4918.png 628,175,660,189,1
frame4912.png 635,172,656,190,1
frame4906.png 637,166,648,186,1
frame4900.png 632,168,646,185,1
frame4894.png 627,166,646,182,1
frame4888.png 628,164,643,187,1
frame4882.png 628,157,648,178,1
frame4876.png 649,172,660,179,1
frame4870.png 663,173,677,189,1
frame4864.png 670,176,685,189,1
frame4858.png 671,173,687,193,1
frame4852.png 690,179,699,190,1
frame4846.png 702,165,719,190,1
frame4840.png 716,171,726,186,1
frame4834.png 718,171,736,194,1
frame4828.png 720,215,747,241,1
frame4822.png 699,255,726,278,1
frame4816.png 649,274,670,295,1
frame4810.png 607,253,624,281,1
frame4804.png 590,224,606,250,1
frame4798.png 589,203,606,221,1
frame4792.png 590,190,609,204,1
frame4786.png 589,186,610,201,1
frame4780.png 593,186,617,199,1
frame4774.png 624,186,641,204,1
frame4768.png 653,190,670,208,1
frame4762.png 680,190,701,208,1
frame4756.png 712,197,729,213,1
frame4750.png 726,200,747,220,1
frame4744.png 741,201,757,215,1
frame4738.png 739,194,753,215,1
frame4732.png 739,192,758,211,1
frame4726.png 743,180,755,200,1
frame4720.png 737,164,761,183,1
frame4714.png 448,365,467,396,1
frame4708.png 393,278,414,299,1
frame4702.png 386,250,406,271,1
frame4696.png 376,246,403,266,1
frame4690.png 394,243,418,263,1
frame4684.png 441,249,467,264,1
frame4678.png 455,241,473,259,1
frame4672.png 469,220,488,241,1
frame4666.png 483,180,505,199,1
frame4660.png 499,214,515,236,1
frame4654.png 512,259,529,274,1
frame4648.png 515,257,529,273,1
frame4642.png 537,259,567,277,1
frame4636.png 576,257,595,276,1
frame4630.png 583,255,600,276,1
frame4624.png 592,246,610,263,1
frame4618.png 611,203,628,220,1
frame4612.png 618,236,634,260,1
frame4606.png 624,269,639,298,1
frame4600.png 630,271,645,294,1
frame4594.png 669,267,681,294,1
frame4588.png 695,276,712,292,1
frame4582.png 697,274,706,292,1
frame4576.png 702,280,713,299,1
frame4570.png 705,285,713,302,1
frame4564.png 691,302,706,319,1
frame4558.png 650,297,673,313,1
frame4552.png 506,487,525,511,1
frame4546.png 470,322,492,347,1
frame4540.png 446,214,459,232,1
frame4534.png 443,200,456,215,1
frame4528.png 442,197,463,214,1
frame4522.png 443,201,463,213,1
frame4516.png 439,210,457,228,1
frame4510.png 452,242,473,264,1
frame4504.png 506,281,522,301,1
frame4498.png 581,306,604,325,1
frame4492.png 649,294,676,318,1
frame4486.png 673,242,706,262,1
frame4480.png 664,190,681,206,1
frame4474.png 648,173,667,194,1
frame4468.png 650,173,673,201,1
frame4462.png 659,217,687,231,1
frame4456.png 663,242,683,257,1
frame4450.png 609,228,634,255,1
frame4444.png 515,232,548,249,1
frame4438.png 446,231,480,246,1
frame4432.png 450,208,467,248,1
frame4426.png 448,185,473,207,1
frame4420.png 452,166,477,187,1
frame4414.png 467,162,492,179,1
frame4408.png 504,154,523,180,1
frame4402.png 550,148,568,176,1
frame4396.png 589,161,604,178,1
frame4390.png 609,159,630,183,1
frame4384.png 613,154,631,179,1
frame4378.png 592,147,611,172,1
frame4372.png 736,362,754,383,1
frame4366.png 737,365,757,382,1
frame4360.png 744,364,761,383,1
frame4354.png 743,355,764,381,1
frame4348.png 736,339,760,362,1
frame4342.png 691,284,718,311,1
frame4336.png 642,224,656,250,1
frame4330.png 572,144,595,179,1
frame4324.png 530,106,553,140,1
frame4318.png 548,133,569,151,1
frame4312.png 589,179,604,192,1
frame4306.png 586,161,602,194,1
frame4300.png 574,164,604,189,1
frame4294.png 567,200,589,239,1
frame4288.png 564,281,586,305,1
frame4282.png 583,334,616,358,1
frame4276.png 627,290,652,318,1
frame4270.png 603,189,634,224,1
frame4264.png 623,151,646,178,1
frame4258.png 670,176,691,194,1
frame4252.png 708,235,718,271,1
frame4246.png 697,305,718,326,1
frame4240.png 697,248,716,274,1
frame4234.png 676,215,701,239,1
frame4228.png 653,215,674,245,1
frame4222.png 688,483,713,506,1
frame4216.png 683,483,711,508,1
frame4210.png 683,492,709,513,1
frame4204.png 683,495,708,522,1
frame4198.png 683,499,708,520,1
frame4192.png 667,499,694,520,1
frame4186.png 579,449,620,492,1
frame4180.png 519,427,547,452,1
frame4174.png 558,435,575,460,1
frame4168.png 653,429,685,456,1
frame4162.png 684,425,709,455,1
frame4156.png 653,407,680,434,1
frame4150.png 541,350,576,379,1
frame4144.png 511,340,537,364,1
frame4138.png 583,341,623,365,1
frame4132.png 673,341,692,360,1
frame4126.png 669,337,687,362,1
frame4120.png 589,308,616,333,1
frame4114.png 513,276,526,299,1
frame4108.png 506,271,534,302,1
frame4102.png 561,284,583,306,1
frame4096.png 641,284,664,309,1
frame4090.png 677,278,691,306,1
frame4084.png 671,284,684,320,1
frame4078.png 638,301,664,326,1
frame4072.png 604,315,621,336,1
frame4066.png 585,199,621,227,1
frame4060.png 590,208,620,229,1
frame4054.png 593,204,628,221,1
frame4048.png 588,189,630,225,1
frame4042.png 631,87,667,105,1
frame4036.png 732,67,758,92,1
frame4030.png 799,157,830,213,1
frame4024.png 796,308,838,357,1
frame4018.png 746,438,786,467,1
frame4012.png 616,436,650,477,1
frame4006.png 529,320,553,351,1
frame4000.png 541,189,581,215,1
frame3994.png 614,140,646,162,1
frame3988.png 649,172,688,207,1
frame3982.png 628,252,666,291,1
frame3976.png 674,290,699,339,1
frame3970.png 698,208,720,245,1
frame3964.png 726,179,748,196,1
frame3958.png 769,227,789,252,1
frame3952.png 774,257,793,291,1
frame3946.png 769,255,804,294,1
frame3940.png 775,252,804,285,1
frame3934.png 743,256,760,291,1
frame3928.png 641,375,653,410,1
frame3922.png 649,360,662,387,1
frame3916.png 643,353,660,376,1
frame3910.png 630,319,649,348,1
frame3904.png 604,242,628,276,1
frame3898.png 576,196,611,222,1
frame3892.png 578,238,604,274,1
frame3886.png 574,334,588,369,1
frame3880.png 554,394,579,427,1
frame3874.png 536,347,568,386,1
frame3868.png 509,259,537,288,1
frame3862.png 488,200,513,227,1
frame3856.png 469,208,504,238,1
frame3850.png 449,281,477,320,1
frame3844.png 434,369,463,399,1
frame3838.png 418,375,452,410,1
frame3832.png 362,318,407,347,1
frame3826.png 325,276,361,298,1
frame3814.png 316,273,343,299,1
frame3808.png 339,269,371,301,1
frame3802.png 425,274,456,313,1
frame3796.png 511,295,534,326,1
frame3790.png 551,308,565,354,1
frame3784.png 537,319,561,348,1
frame3778.png 506,329,530,358,1
frame3772.png 639,318,656,336,1
frame3766.png 642,316,656,341,1
frame3760.png 642,318,653,341,1
frame3754.png 637,309,653,336,1
frame3748.png 639,284,653,304,1
frame3742.png 635,245,650,267,1
frame3736.png 628,228,645,241,1
frame3730.png 625,215,645,229,1
frame3724.png 635,187,659,203,1
frame3718.png 666,129,680,148,1
frame3712.png 676,129,691,143,1
frame3706.png 713,183,726,207,1
frame3700.png 739,229,762,257,1
frame3694.png 737,241,755,267,1
frame3688.png 711,330,726,350,1
frame3682.png 681,378,702,404,1
frame3676.png 663,376,683,396,1
frame3670.png 624,304,645,326,1
frame3664.png 597,243,614,264,1
frame3658.png 593,241,610,252,1
frame3652.png 600,236,624,260,1
frame3646.png 643,241,662,255,1
frame3640.png 723,242,751,262,1
frame3634.png 757,241,771,273,1
frame3628.png 757,248,783,267,1
frame3622.png 751,242,771,267,1
frame3616.png 727,242,746,269,1
frame3610.png 954,227,985,267,1
frame3604.png 950,217,983,274,1
frame3598.png 960,234,978,274,1
frame3592.png 948,242,979,278,1
frame3586.png 947,252,971,283,1
frame3580.png 947,333,975,383,1
frame3574.png 940,355,964,396,1
frame3568.png 863,357,915,401,1
frame3562.png 789,372,813,404,1
frame3556.png 783,368,804,420,1
frame3550.png 711,467,755,502,1
frame3544.png 667,387,701,448,1
frame3538.png 680,361,713,421,1
frame3532.png 638,362,664,403,1
frame3526.png 596,372,617,406,1
frame3520.png 586,346,609,385,1
frame3514.png 596,281,618,315,1
frame3508.png 599,248,623,284,1
frame3502.png 618,242,648,284,1
frame3496.png 669,245,701,277,1
frame3490.png 676,238,713,281,1
frame3484.png 681,234,712,269,1
frame3478.png 695,162,741,194,1
frame3472.png 758,162,779,207,1
frame3466.png 748,229,786,270,1
frame3460.png 725,262,753,301,1
frame3454.png 720,266,741,302,1
frame3448.png 729,274,767,304,1
frame3442.png 789,263,827,298,1
frame3436.png 879,273,918,298,1
frame3430.png 950,259,981,298,1
frame3424.png 968,269,993,298,1
frame3418.png 913,277,960,322,1
frame3412.png 525,206,555,232,1
frame3406.png 522,192,551,235,1
frame3400.png 529,197,547,236,1
frame3394.png 532,172,568,214,1
frame3388.png 571,71,606,113,1
frame3382.png 604,21,638,62,1
frame3376.png 643,34,683,90,1
frame3370.png 722,109,757,136,1
frame3364.png 761,143,786,171,1
frame3358.png 776,147,802,183,1
frame3352.png 789,180,814,211,1
frame3346.png 797,194,817,231,1
frame3340.png 795,190,811,228,1
frame3334.png 783,221,810,253,1
frame3328.png 779,231,809,290,1
frame3322.png 781,236,809,294,1
frame3316.png 775,253,809,291,1
frame3310.png 733,315,768,371,1
frame3304.png 674,427,708,484,1
frame3298.png 634,480,677,516,1
frame3292.png 613,404,642,457,1
frame3286.png 564,298,604,351,1
frame3280.png 532,246,561,278,1
frame3274.png 519,241,560,284,1
frame3268.png 585,264,616,305,1
frame3262.png 667,280,691,316,1
frame3256.png 698,287,712,313,1
frame3208.png 634,425,667,477,1
frame3202.png 649,292,681,348,1
frame3196.png 597,211,634,257,1
frame3190.png 595,271,627,332,1
frame3184.png 555,378,592,421,1
frame3178.png 474,415,505,455,1
frame3172.png 386,341,432,389,1
frame3166.png 348,225,387,266,1
frame3160.png 372,129,427,169,1
frame3154.png 469,95,525,120,1
frame3148.png 595,134,637,172,1
frame3142.png 655,220,685,262,1
frame3136.png 639,290,677,320,1
frame3130.png 625,298,649,336,1
frame3124.png 616,306,643,337,1
frame3118.png 618,301,641,336,1
frame3112.png 452,225,477,248,1
frame3106.png 456,211,480,241,1
frame3100.png 455,203,483,243,1
frame3094.png 477,253,520,308,1
frame3088.png 526,350,551,381,1
frame3082.png 555,376,576,400,1
frame3076.png 596,322,623,358,1
frame3070.png 646,239,677,280,1
frame3064.png 691,201,713,229,1
frame3058.png 699,185,718,222,1
frame3052.png 655,179,677,211,1
frame3046.png 567,179,599,199,1
frame3040.png 467,182,508,207,1
frame3034.png 435,192,460,210,1
frame3028.png 473,227,495,250,1
frame3022.png 506,245,525,267,1
frame3016.png 506,231,533,252,1
frame3010.png 523,229,546,249,1
frame3004.png 546,235,578,263,1
frame2998.png 606,263,624,290,1
frame2992.png 637,281,650,298,1
frame2986.png 635,273,648,298,1
frame2980.png 621,276,642,299,1
frame2974.png 652,477,671,504,1
frame2968.png 659,463,680,495,1
frame2962.png 659,456,687,480,1
frame2956.png 662,463,677,488,1
frame2950.png 708,421,729,455,1
frame2944.png 758,323,788,347,1
frame2938.png 760,211,775,246,1
frame2932.png 678,165,701,193,1
frame2926.png 632,178,650,204,1
frame2920.png 618,192,639,210,1
frame2914.png 586,190,617,218,1
frame2908.png 557,208,579,239,1
frame2902.png 518,236,546,259,1
frame2896.png 533,245,557,271,1
frame2890.png 574,313,593,343,1
frame2884.png 639,425,653,442,1
frame2878.png 648,449,673,464,1
frame2872.png 706,410,720,435,1
frame2866.png 695,410,711,438,1
frame2860.png 648,368,664,392,1
frame2854.png 597,315,617,330,1
frame2848.png 568,277,583,302,1
frame2842.png 541,270,561,284,1
frame2836.png 547,283,574,305,1
frame2830.png 555,298,576,313,1
frame2824.png 555,323,578,344,1
frame2818.png 602,392,614,414,1
frame2812.png 634,453,646,483,1
frame2806.png 645,459,660,477,1
frame2800.png 788,332,807,348,1
frame2794.png 792,330,813,351,1
frame2788.png 795,329,816,351,1
frame2782.png 796,330,810,354,1
frame2776.png 775,311,793,334,1
frame2770.png 723,263,750,292,1
frame2764.png 670,215,691,241,1
frame2758.png 617,172,635,197,1
frame2752.png 574,134,596,158,1
frame2746.png 533,99,560,130,1
frame2740.png 523,95,547,119,1
frame2734.png 583,133,607,162,1
frame2728.png 699,228,719,255,1
frame2722.png 751,267,774,287,1
frame2716.png 751,267,768,288,1
frame2710.png 716,264,730,297,1
frame2704.png 657,278,684,298,1
frame2698.png 586,285,606,306,1
frame2692.png 509,292,541,326,1
frame2686.png 480,297,508,322,1
frame2680.png 491,252,523,277,1
frame2674.png 520,213,537,241,1
frame2668.png 523,213,537,242,1
frame2662.png 539,215,567,239,1
frame2656.png 593,217,613,248,1
frame2650.png 637,222,657,243,1
frame2644.png 671,222,698,245,1
frame2638.png 718,227,734,250,1
frame2632.png 737,231,760,253,1
frame2626.png 755,242,776,262,1
frame2620.png 767,242,785,263,1
frame2614.png 760,243,778,264,1
frame2608.png 750,250,768,269,1
frame2602.png 740,253,755,273,1
frame2596.png 712,262,727,283,1
frame2590.png 656,267,677,295,1
frame2584.png 617,271,630,295,1
frame2578.png 588,257,609,274,1
frame2572.png 561,253,585,280,1
frame2566.png 536,256,554,281,1
frame2560.png 529,264,551,288,1
frame2554.png 558,246,574,277,1
frame2548.png 575,259,606,284,1
frame2542.png 515,435,551,463,1
frame2536.png 387,367,411,392,1
frame2530.png 371,343,390,376,1
frame2524.png 371,306,404,350,1
frame2518.png 413,186,442,235,1
frame2512.png 478,145,501,166,1
frame2506.png 491,189,516,222,1
frame2500.png 457,285,487,319,1
frame2494.png 512,316,548,344,1
frame2488.png 537,215,564,259,1
frame2482.png 565,148,595,179,1
frame2476.png 632,157,656,193,1
frame2470.png 617,221,646,255,1
frame2464.png 604,309,635,353,1
frame2458.png 674,348,705,382,1
frame2452.png 736,319,758,350,1
frame2446.png 751,269,774,292,1
frame2440.png 743,221,758,248,1
frame2434.png 716,194,740,218,1
frame2428.png 713,189,725,218,1
frame2422.png 708,192,729,214,1
frame2416.png 706,194,720,213,1
frame2410.png 713,192,737,225,1
frame2404.png 713,196,733,218,1
frame2398.png 702,208,720,239,1
frame2392.png 677,243,698,270,1
frame2386.png 457,312,477,325,1
frame2380.png 452,299,471,320,1
frame2374.png 457,295,467,316,1
frame2368.png 462,225,483,242,1
frame2362.png 477,172,495,187,1
frame2356.png 494,215,512,232,1
frame2350.png 518,232,539,248,1
frame2344.png 544,203,562,220,1
frame2338.png 553,190,572,208,1
frame2332.png 550,249,567,270,1
frame2326.png 544,290,554,316,1
frame2320.png 532,210,553,227,1
frame2314.png 536,185,553,213,1
frame2308.png 543,239,562,256,1
frame2302.png 550,236,569,257,1
frame2296.png 624,245,641,259,1
frame2290.png 618,262,637,278,1
frame2284.png 534,299,557,333,1
frame2278.png 506,316,536,339,1
frame2272.png 519,232,540,270,1
frame2266.png 529,169,548,189,1
frame2260.png 555,220,569,249,1
frame2254.png 585,308,604,326,1
frame2248.png 582,315,609,337,1
frame2242.png 581,298,603,323,1
frame2236.png 588,476,600,505,1
frame2230.png 569,455,595,488,1
frame2224.png 568,443,592,469,1
frame2218.png 562,375,589,420,1
frame2212.png 543,278,569,313,1
frame2206.png 536,218,561,243,1
frame2200.png 526,220,544,246,1
frame2194.png 474,315,499,348,1
frame2188.png 442,365,453,406,1
frame2182.png 424,378,456,403,1
frame2176.png 460,378,495,413,1
frame2170.png 557,378,576,414,1
frame2164.png 621,385,641,406,1
frame2158.png 641,387,659,417,1
frame2152.png 621,374,645,410,1
frame2146.png 543,329,564,357,1
frame2140.png 480,285,504,318,1
frame2134.png 459,281,481,306,1
frame2128.png 460,281,478,311,1
frame2122.png 463,294,497,319,1
frame2116.png 516,297,543,325,1
frame2110.png 581,312,597,332,1
frame2104.png 618,316,643,332,1
frame2098.png 639,316,664,333,1
frame2092.png 650,304,669,330,1
frame2086.png 649,474,673,511,1
frame2080.png 625,481,642,519,1
frame2074.png 604,450,625,476,1
frame2068.png 603,442,614,467,1
frame2062.png 596,442,616,470,1
frame2056.png 602,434,614,462,1
frame2050.png 600,372,617,399,1
frame2044.png 596,298,621,320,1
frame2038.png 599,280,620,302,1
frame2032.png 575,278,599,299,1
frame2026.png 522,276,534,292,1
frame2020.png 498,287,519,309,1
frame2014.png 487,322,509,362,1
frame2008.png 485,367,508,385,1
frame2002.png 490,368,509,394,1
frame1996.png 490,362,516,389,1
frame1990.png 537,361,554,383,1
frame1984.png 607,360,628,382,1
frame1978.png 662,357,687,382,1
frame1972.png 683,351,702,379,1
frame1966.png 688,334,704,369,1
frame1960.png 671,337,694,358,1
frame1954.png 653,360,663,386,1
frame1948.png 616,369,638,403,1
frame1942.png 548,393,579,413,1
frame1936.png 564,383,585,413,1
frame1930.png 789,379,816,418,1
frame1924.png 811,368,828,399,1
frame1918.png 806,367,823,404,1
frame1906.png 747,305,779,347,1
frame1900.png 664,243,698,283,1
frame1894.png 557,157,596,197,1
frame1888.png 526,113,550,143,1
frame1882.png 630,157,659,193,1
frame1876.png 642,172,677,199,1
frame1870.png 600,196,635,241,1
frame1864.png 572,312,606,351,1
frame1858.png 645,386,674,429,1
frame1852.png 733,364,760,387,1
frame1846.png 755,290,769,323,1
frame1840.png 718,245,739,271,1
frame1834.png 697,270,713,288,1
frame1828.png 747,325,765,351,1
frame1822.png 769,341,783,365,1
frame1816.png 765,339,781,360,1
frame1810.png 739,343,755,371,1
frame1804.png 695,360,725,390,1
frame1798.png 711,383,739,407,1
frame1792.png 718,375,750,410,1
frame1786.png 564,299,588,316,1
frame1774.png 562,290,582,318,1
frame1768.png 546,281,567,309,1
frame1762.png 512,259,533,284,1
frame1756.png 473,236,495,260,1
frame1750.png 464,229,480,252,1
frame1744.png 483,229,506,253,1
frame1738.png 536,238,562,255,1
frame1732.png 602,241,620,264,1
frame1726.png 639,249,650,264,1
frame1720.png 638,243,659,274,1
frame1714.png 602,256,631,281,1
frame1708.png 572,291,588,320,1
frame1702.png 554,329,567,347,1
frame1696.png 557,329,571,361,1
frame1690.png 560,325,576,351,1
frame1684.png 572,305,593,330,1
frame1678.png 596,270,613,299,1
frame1672.png 606,239,632,262,1
frame1666.png 634,214,649,242,1
frame1660.png 632,221,652,245,1
frame1654.png 641,250,660,278,1
frame1648.png 637,316,649,340,1
frame1642.png 627,353,649,376,1
frame1636.png 609,337,641,353,1
frame1630.png 632,330,656,353,1
frame1624.png 667,323,692,341,1
frame1618.png 660,291,678,315,1
frame1612.png 539,199,557,225,1
frame1606.png 533,187,553,215,1
frame1600.png 543,192,560,214,1
frame1594.png 589,199,614,231,1
frame1588.png 655,208,684,253,1
frame1582.png 706,238,739,284,1
frame1576.png 727,249,744,271,1
frame1570.png 720,239,753,270,1
frame1564.png 726,232,747,264,1
frame1558.png 734,201,764,227,1
frame3250.png 691,283,727,312,1
frame3244.png 690,270,719,306,1
frame3238.png 400,305,431,336,1
frame3232.png 390,315,434,332,1
frame3226.png 406,351,442,407,1
frame3220.png 470,492,518,541,1
frame3214.png 560,520,613,554,1
frame1552.png 709,186,747,224,1
frame1546.png 637,179,662,213,1
frame1540.png 583,178,609,203,1
frame1534.png 565,179,597,221,1
frame1528.png 555,228,582,264,1
frame1522.png 561,252,581,280,1
frame1516.png 557,246,586,278,1
frame1510.png 578,250,600,277,1
frame1504.png 635,249,678,280,1
frame1498.png 706,249,743,285,1
frame1492.png 739,255,771,278,1
frame1486.png 750,249,772,280,1
frame1480.png 753,262,764,295,1
frame1474.png 716,290,739,334,1
frame1468.png 660,318,685,358,1
frame1462.png 628,330,656,362,1
frame1456.png 617,344,649,376,1
frame1450.png 325,255,357,304,1
frame1444.png 308,292,340,334,1
frame1438.png 301,424,347,478,1
frame1432.png 400,529,455,569,1
frame1426.png 550,495,609,537,1
frame1420.png 634,326,669,381,1
frame1414.png 592,239,620,280,1
frame1408.png 581,256,606,290,1
frame1402.png 589,271,618,305,1
frame1396.png 597,361,623,411,1
frame1390.png 540,480,571,520,1
frame1384.png 406,499,448,539,1
frame1378.png 330,374,360,411,1
frame1372.png 327,288,357,320,1
frame1366.png 333,288,357,320,1
frame1360.png 344,298,372,332,1
frame1354.png 386,319,427,355,1
frame1348.png 477,319,512,350,1
frame1342.png 550,309,581,340,1
frame1336.png 579,298,609,327,1
frame1330.png 572,295,595,339,1
frame1324.png 548,318,569,351,1
frame1318.png 501,327,525,361,1
frame1312.png 484,339,509,376,1
frame1306.png 474,364,501,399,1
frame1300.png 484,399,509,438,1
frame1294.png 442,280,466,312,1
frame1288.png 487,264,506,295,1
frame1282.png 508,248,536,281,1
frame1276.png 520,241,540,278,1
frame1270.png 526,246,551,273,1
frame1264.png 533,242,554,274,1
frame1258.png 529,255,554,288,1
frame1252.png 502,288,526,322,1
frame1246.png 457,260,476,297,1
frame1240.png 420,201,448,236,1
frame1234.png 339,168,376,204,1
frame1228.png 238,208,273,262,1
frame1222.png 245,315,274,358,1
frame1216.png 330,336,365,372,1
frame1210.png 371,273,407,309,1
frame1204.png 381,211,417,239,1
frame1198.png 448,211,476,250,1
frame1192.png 490,287,511,315,1
frame1186.png 485,330,505,355,1
frame1180.png 474,340,501,368,1
frame1174.png 476,341,494,365,1
frame1168.png 470,337,495,362,1
frame1162.png 457,340,483,371,1
frame1156.png 421,344,450,379,1
frame1150.png 782,299,807,320,1
frame1144.png 783,297,806,323,1
frame1138.png 789,299,807,320,1
frame1132.png 795,304,810,322,1
frame1126.png 785,292,820,325,1
frame1120.png 790,292,814,325,1
frame1114.png 796,311,807,334,1
frame1108.png 775,362,799,387,1
frame1102.png 754,424,775,446,1
frame1096.png 737,452,758,474,1
frame1090.png 718,428,737,455,1
frame1084.png 691,372,709,404,1
frame1078.png 673,333,692,372,1
frame1072.png 670,332,683,367,1
frame1066.png 666,332,683,357,1
frame1060.png 667,330,680,357,1
frame1054.png 664,332,685,355,1
frame1048.png 660,326,698,367,1
frame1042.png 663,311,688,348,1
frame1036.png 649,278,677,308,1
frame1030.png 652,248,670,291,1
frame1024.png 648,246,670,285,1
frame1018.png 650,248,666,281,1
frame1012.png 650,257,664,285,1
frame1006.png 649,262,667,283,1
frame1000.png 648,262,667,281,1
frame0994.png 649,259,674,287,1
frame0988.png 657,256,678,285,1
frame0982.png 680,269,704,295,1
frame0976.png 732,283,762,311,1
frame0970.png 792,288,811,318,1
frame0964.png 796,285,821,315,1
frame0958.png 790,299,814,325,1
frame0952.png 799,333,818,362,1
frame0946.png 582,473,627,513,1
frame0940.png 674,471,706,505,1
frame0934.png 705,469,723,498,1
frame0928.png 708,452,730,490,1
frame0922.png 729,421,747,456,1
frame0916.png 733,372,755,407,1
frame0910.png 704,371,736,403,1
frame0904.png 617,390,652,424,1
frame0898.png 534,410,579,439,1
frame0892.png 509,413,532,442,1
frame0886.png 499,424,522,453,1
frame0880.png 498,414,522,448,1
frame0874.png 498,357,519,385,1
frame0868.png 509,294,523,325,1
frame0862.png 508,281,530,306,1
frame0856.png 506,287,523,311,1
frame0850.png 506,287,520,309,1
frame0844.png 532,295,551,318,1
frame0838.png 578,299,614,332,1
frame0832.png 646,311,671,343,1
frame0826.png 680,318,702,353,1
frame0820.png 676,318,705,348,1
frame0814.png 683,323,705,353,1
frame0808.png 673,319,698,348,1
frame0802.png 678,327,697,357,1
frame0796.png 684,344,711,374,1
frame0790.png 983,386,1010,422,1
frame0784.png 982,376,1013,406,1
frame0778.png 982,372,1006,410,1
frame0772.png 969,415,1004,462,1
frame0766.png 911,488,951,525,1
frame0754.png 746,404,786,441,1
frame0748.png 765,376,783,406,1
frame0742.png 771,372,790,403,1
frame0736.png 769,378,797,404,1
frame0730.png 782,341,813,382,1
frame0724.png 809,290,846,333,1
frame0718.png 856,267,893,305,1
frame0712.png 909,285,939,315,1
frame0706.png 953,318,974,344,1
frame0700.png 967,340,986,369,1
frame0694.png 968,343,989,372,1
frame0688.png 957,344,979,368,1
frame0682.png 933,354,958,375,1
frame0676.png 856,336,895,367,1
frame0670.png 751,288,786,323,1
frame0664.png 719,271,737,297,1
frame0658.png 708,260,743,299,1
frame0652.png 712,266,746,298,1
frame0646.png 726,274,754,298,1
frame0640.png 769,271,793,308,1
frame0634.png 820,276,844,312,1
frame0628.png 859,288,890,313,1
frame0622.png 715,435,751,480,1
frame0616.png 694,376,722,415,1
frame0610.png 688,367,722,408,1
frame0604.png 695,375,722,418,1
frame0598.png 662,332,695,374,1
frame0592.png 611,257,649,311,1
frame0586.png 546,183,581,229,1
frame0580.png 499,136,534,173,1
frame0574.png 576,173,623,229,1
frame0568.png 720,301,765,346,1
frame0562.png 769,347,797,387,1
frame0556.png 743,325,786,369,1
frame0550.png 643,234,694,281,1
frame0544.png 544,154,586,196,1
frame0538.png 526,129,567,164,1
frame0532.png 610,148,642,194,1
frame0526.png 616,166,650,199,1
frame0520.png 624,168,657,210,1
frame0514.png 653,186,684,218,1
frame0508.png 692,208,730,245,1
frame0502.png 769,259,807,304,1
frame0496.png 676,450,711,481,1
frame0490.png 678,456,715,487,1
frame0484.png 692,457,716,487,1
frame0478.png 705,462,732,492,1
frame0472.png 757,413,786,453,1
frame0466.png 814,316,832,355,1
frame0460.png 834,284,848,312,1
frame0454.png 834,267,851,306,1
frame0448.png 835,271,856,304,1
frame0442.png 839,273,856,309,1
frame0436.png 844,285,858,312,1
frame0430.png 846,283,866,313,1
frame0424.png 838,281,859,312,1
frame0418.png 761,287,790,315,1
frame0412.png 650,294,685,329,1
frame0406.png 593,299,616,332,1
frame0400.png 592,301,614,334,1
frame0394.png 586,302,614,333,1
frame0388.png 582,302,616,334,1
frame0382.png 579,302,603,327,1
frame0376.png 543,242,568,278,1
frame0370.png 516,200,544,229,1
frame0364.png 498,172,522,201,1
frame0358.png 490,162,516,192,1
frame0352.png 490,164,516,193,1
frame0346.png 490,166,512,187,1
frame0340.png 476,164,505,192,1
frame0334.png 506,169,543,193,1
frame0328.png 606,173,648,201,1
frame0322.png 713,182,737,213,1
frame0316.png 750,192,772,217,1
frame0310.png 755,194,775,221,1
frame0304.png 761,196,782,222,1
frame0298.png 767,199,786,221,1
frame0292.png 669,337,685,358,1
frame0286.png 671,343,687,361,1
frame0280.png 677,344,691,368,1
frame0274.png 677,367,697,386,1
frame0268.png 730,309,748,344,1
frame0262.png 765,190,782,217,1
frame0256.png 786,162,802,180,1
frame1912.png 796,365,818,399,1
frame0760.png 793,463,852,512,1
frame0250.png 797,157,807,183,1
frame0244.png 783,154,799,176,1
frame0238.png 734,151,757,180,1
frame0232.png 674,152,697,178,1
frame0226.png 632,157,648,173,1
frame0220.png 624,150,650,171,1
frame0214.png 621,154,646,175,1
frame0208.png 631,239,660,269,1
frame0202.png 694,315,729,337,1
frame0196.png 769,283,789,311,1
frame0190.png 786,204,809,238,1
frame0184.png 768,147,793,166,1
frame0178.png 730,115,750,136,1
frame0172.png 674,119,697,140,1
frame0166.png 646,151,664,175,1
frame0160.png 642,190,662,215,1
frame0154.png 662,207,685,234,1
frame0148.png 684,218,695,239,1
frame0142.png 680,222,698,242,1
frame0136.png 624,407,645,425,1
frame0130.png 613,443,641,469,1
frame0124.png 674,421,698,449,1
frame0118.png 708,265,755,311,1
frame0112.png 745,199,767,222,1
frame0106.png 749,195,779,220,1
frame0100.png 749,190,776,220,1
frame0094.png 757,197,779,216,1
frame0088.png 733,224,767,260,1
frame0082.png 712,296,736,323,1
frame0076.png 692,352,716,379,1
frame0070.png 686,379,712,397,1
frame0064.png 650,324,683,358,1
frame0058.png 558,235,600,266,1
frame0052.png 521,206,545,232,1
frame0046.png 511,208,529,232,1
frame0040.png 560,228,586,254,1
frame0034.png 655,246,678,269,1
frame0028.png 719,250,747,274,1
frame0022.png 743,254,761,269,1
frame0016.png 733,238,757,271,1
frame0010.png 733,230,757,258,1
frame0004.png 708,224,726,252,1
